-0.7325424675031807
-0.9563204524017411
-0.9301227856202017
-1.095957638485574
-0.7261391804302445
-0.7907794340051291
-0.8668991907083181
-0.9328146179004011
-0.9575413529050197
-0.9073069941428595
-0.7781837228097886
-1.053998044127815
-0.8204983405204674
-1.174475767094804
-0.8606669868966315
-0.6213565049456494
-0.7959413729415308
-0.8990336505288665
-0.8991329971036236
-0.8676786009800498
-1.164925375011485
-0.9288586907336979
-0.9621455558528299
-0.9630592273651113
-1.1663972949086696
-0.7010463517366792
-1.1081077496673057
-0.8241670974608845
-0.7501189848855389
-0.930692284386999
-0.9839834313002318
-0.7845796298251259
-1.037032909954348
-0.9286469765696435
-0.80807809740129
-1.002569858908932
-0.7787685184856393
-0.6754663118247661
-0.8553630862892391
-1.269651450165214
-1.0304011500909294
-0.8598946648643132
-1.0744381503703848
-0.7715863809233782
-1.2849207232041537
-0.858937379144459
-0.8019223780264412
-0.6791397894084867
-0.9969526039682262
-0.7108214468544908
-0.9044698276127479
-0.868307708529911
-0.9064062471207716
-0.671943050686196
-0.8901518014213519
-0.6510318479286773
-0.9142004736852883
-0.709742067311625
-0.8419510884079396
-0.931375013090247
-1.055399794386442
-0.7704943166463859
-1.0823715423782154
-0.9479097226951199
-1.0104792441949422
-0.6796744299908586
-1.0004940520687258
-0.6098041510659354
-1.0120156968650262
-0.7618043685919133
-0.8712336347657242
-1.2228118749764656
-0.5581290293840034
-0.946294139369833
-1.1897443933798535
-1.1403530421120245
-0.7737159433545998
-1.1315377137671423
-0.8572869165583269
-0.7607849436481217
-0.981537565658136
-0.817612961380754
-0.9616873961689918
-0.8321071751113241
-1.0170525128122934
-0.7875082698939517
-0.9891445271530829
-0.5092672501562754
-0.940666627056261
-0.9833361330828195
-0.8263835471440907
-1.1267481107330581
-1.0610056258739224
-0.7931594952639834
-1.01740533841816
-0.8770139433958621
-0.8285707009404295
-0.803377392621065
-1.021679833660613
-0.6317997823779855
-0.7652266968534274
