-0.9900316048252461
-0.9370046096205132
-0.6138637655244681
-0.5992553950064033
-1.0486752629119263
-0.7850426220716034
-0.9536232597335851
-0.3412717597149408
-0.8208645329198687
-0.7144920369188399
-0.7312636153577373
-0.802999574698533
-0.7365803353694669
-0.6116503729107585
-0.7806322351491739
-0.9741153607044368
-0.5511641089181671
-0.5716253056941933
-0.8076993546379263
-0.9111568761799759
-0.9087003530950696
-1.1311621839869104
-0.7544697972519595
-0.7946702959004875
-0.7809957960828121
-0.743663972097474
-0.7050141647600563
-0.835461192016973
-0.4712344582297883
-1.0580342344912936
-1.4779911144650573
-1.016932096248359
-0.8148070080983288
-0.8236332564114589
-0.9652517553164242
-1.0675563485775734
-0.8556333503416658
-0.8040186692630101
-0.5995026550262678
-0.6418058503525768
-0.5601761546754438
-0.7558678785438505
-0.42118684823002134
-1.017308175311645
-0.9829915659579259
-0.42825759714023653
-1.0182780567159695
-0.7721689865838116
-0.7548335256157249
-1.1218488190192797
-0.8951992094866565
-0.7370910826697092
-0.8511623224550621
-0.4440382606220849
-0.8780599696265872
-1.0044626906971783
-0.8567371591103272
-0.39814600565084
-0.6580522824222086
-0.8427953962636829
-0.9062465296888176
-1.1045674609760434
-0.8165489628296498
-0.5604979244906342
-0.8345663626426976
-0.7986719669183854
-0.987445584289968
-0.8042091674089271
-0.8754639912948551
-0.5662555371352569
-0.6609164207107491
-0.7935121995451355
-0.5422558233010484
-0.5986451967424941
-0.7101619908638002
-0.752412092905415
-1.2262122017150152
-0.5833484530070098
-1.145046596454167
-1.1423781169289429
-1.0787211571294475
-0.2731905023665529
-0.9586495740223203
-1.0334627985748326
-0.562412984150131
-0.8839182691299842
-0.8212371388798411
-0.7185417410619537
-0.7850187132066929
-0.8266165911049776
-0.8755705427092534
-0.8058384277451465
-0.811036676533263
-0.9432055980212322
-0.6925289772690943
-0.8502319637333986
-0.8864889991877016
-0.7703118543686732
-0.8382405935602298
-1.3634433232631546
-0.9234319823537643
