-0.8616343201331093
-0.8392003283189208
-1.071139137970228
-0.9534575265591674
-0.8175997765205174
-0.8941409710847923
-0.732078098614464
-0.8939534896796357
-0.6674859585081195
-0.921866614344595
-0.8610867518939351
-0.48873012234108876
-0.6577467585267107
-0.6011827099867871
-0.8819089326602979
-0.7144729822625573
-0.7634906675418143
-0.9396817842584836
-0.948629957044729
-0.6158608319565094
-0.7816474186594551
-0.7338625450948979
-0.729952027375595
-1.2568438432377058
-1.0327588567683914
-1.0362147599895353
-0.9302153682095848
-0.6561997237612446
-0.9572204621362905
-0.5808660610239846
-1.2888121655742586
-1.449348801885944
-1.3641255336890916
-1.5235348500069863
-1.5458180998467501
-1.562253799776506
-1.5322858544380942
-2.020326591345017
-2.2803666869997734
-2.7224256407752616
-2.5425209130674666
-2.4754716414052793
-2.2533012099059215
-2.541820168456311
-2.5623851775533883
-2.5392840861351407
-2.7858327088817365
-2.9723231804666197
-3.1153987835128842
-2.9825863490800932
-3.446784742743797
-3.293530967054428
-3.438751916493536
-3.5018862671277695
-3.276124235387403
-3.453546256609646
-3.5556890964771366
-3.5731157548301957
-3.5490683150332942
-3.4531513920961827
-3.6430026184329423
-3.3433395831749086
-3.2789597154755805
-3.487982583434222
-3.4485978419312637
-3.292262227187644
-3.3624348192408515
-3.5527014762534166
-3.537639310831477
-3.2989452106067803
-3.3981973821631133
-3.463070514250182
-3.702565213038642
-3.6186923513964846
-3.6144342531139855
-3.3182881699157027
-3.8353631182464523
-3.5610280238372356
-3.7388994956239987
-3.595240177692018
-3.4712945354053404
-3.470254181122748
-3.780866982592712
-3.5515148538917445
-3.5913455118059705
-3.5960139173639885
-3.5985976548781693
-3.5598290030884243
-3.4026874853515476
-3.5845213837490517
-3.5332913431237505
-3.580754464881595
-3.592188596427978
-3.7846477136783245
-3.6695572155639504
-3.7026493725210607
-3.639968227837911
-3.644083083711529
-3.7613795785679414
-3.6254401416216817
-3.57558963973605
