2.17830376e-14
3.71037767e-15
3.69879792e-15
1.39270013e-15
2.45554155e-15
3.79193608e-16
2.11064370e-16
7.22327195e-16
4.27582989e-16
1.61805131e-15
7.62416847e-16
4.06527534e-16
9.97116118e-16
2.76576109e-16
1.40133061e-16
0.00000000e+00
1.18960413e-16
2.19814375e-16
6.86011349e-16
6.70700388e-16
4.28372870e-17
4.70899775e-16
3.12072090e-16
9.45695394e-16
7.74026431e-16
9.63215684e-16
7.11395954e-16
1.33652014e-15
1.26184865e-15
2.68389240e-15
1.26969576e-15
1.63418453e-15
1.68416663e-15
2.41824774e-15
2.54505861e-15
3.10636593e-15
2.01567398e-15
2.44493468e-15
1.78607553e-15
1.93039700e-15
2.66451600e-15
2.25645388e-15
3.31933812e-15
5.25582512e-15
4.11563764e-15
2.95591184e-15
2.61554913e-15
3.60193410e-15
4.77418065e-15
3.98554514e-15
4.39854537e-15
5.84659534e-15
5.36444990e-15
4.30528084e-15
6.42886204e-15
4.73719649e-15
4.86023763e-15
3.95588064e-15
5.89470916e-15
5.69068413e-15
5.75993349e-15
4.27825686e-15
6.04801836e-15
4.41203652e-15
4.37923042e-15
6.83217909e-15
5.20180598e-15
4.78076443e-15
5.55860622e-15
6.52731978e-15
5.14307256e-15
5.70913503e-15
5.70019278e-15
4.89796376e-15
3.93645484e-15
3.67724927e-15
6.22584106e-15
3.97954958e-15
3.99923055e-15
4.81658259e-15
3.68059761e-15
3.94799739e-15
3.68449791e-15
5.15279193e-15
5.91358140e-15
5.91150132e-15
5.19256785e-15
5.36807972e-15
5.05470142e-15
5.34541352e-15
5.46584461e-15
6.82123153e-15
5.52671238e-15
4.89458345e-15
6.48341156e-15
5.03524816e-15
5.31230404e-15
7.59882174e-15
4.90664740e-15
6.39447477e-15
6.15973345e-15
