1.58480616e-14
1.74560735e-14
1.73109522e-14
2.10055667e-14
1.49393209e-14
1.20309687e-14
7.76033406e-15
5.76728714e-15
7.88074745e-15
8.19500727e-15
6.43249417e-15
5.22714778e-15
4.73071308e-15
2.40001142e-15
1.39672208e-15
0.00000000e+00
1.22258580e-15
8.46981593e-15
1.55328513e-14
1.56889310e-14
9.40835315e-15
1.42899608e-14
1.01267779e-14
1.08788418e-14
1.39759773e-14
1.29487518e-14
2.00843049e-14
1.48437280e-14
1.19133293e-14
1.90821120e-14
1.06672683e-14
1.88796547e-14
1.05047395e-14
8.00048666e-15
6.10465351e-15
9.01144553e-15
1.99995438e-14
1.86772908e-14
1.58012502e-14
1.65337477e-14
1.13724128e-14
6.89798316e-15
2.58964617e-14
3.28958377e-14
4.34479216e-14
2.64879557e-14
3.54778725e-14
5.31706595e-14
5.46318253e-14
5.49888271e-14
5.55511617e-14
6.75521739e-14
6.63000275e-14
6.74028084e-14
7.40930518e-14
8.45732666e-14
7.20909949e-14
6.21439520e-14
6.76458676e-14
6.70006701e-14
7.14045222e-14
7.72154676e-14
6.33262368e-14
6.35092287e-14
8.08798059e-14
8.67070925e-14
7.39253479e-14
7.37757587e-14
7.43971297e-14
7.18809288e-14
7.49313883e-14
7.01222793e-14
6.56026190e-14
7.07082362e-14
7.28845828e-14
6.46303742e-14
7.99671639e-14
8.61971594e-14
9.50837099e-14
9.28999721e-14
1.01342341e-13
9.71155161e-14
8.45906693e-14
9.95893954e-14
9.75508879e-14
1.09762799e-13
1.28543128e-13
1.39788940e-13
1.51270393e-13
1.48851090e-13
1.29952535e-13
1.25479995e-13
1.22712874e-13
1.28437632e-13
1.18827445e-13
1.32365710e-13
1.29263543e-13
1.61144039e-13
1.63155888e-13
1.69045981e-13
1.60312774e-13
