1.28468384e-13
1.30290285e-14
6.59440129e-15
7.26055074e-15
6.35782139e-15
7.92006001e-15
7.78613206e-15
6.99267443e-15
8.25520573e-15
4.82634027e-15
3.38910033e-15
6.20629935e-15
3.18243299e-16
7.88799697e-17
2.73639761e-17
0.00000000e+00
8.89786503e-17
2.06105517e-16
9.87274644e-17
2.03547735e-16
1.25874671e-16
9.41551054e-17
3.33442678e-16
2.42021676e-16
2.35307165e-16
2.17781324e-16
2.69126213e-16
3.32932009e-16
5.85779382e-16
6.76287953e-16
6.85834848e-16
4.63135829e-16
3.94419829e-16
4.89117915e-16
7.00280568e-17
9.83878644e-17
1.31474897e-16
1.31383709e-16
1.79178385e-16
9.18130452e-17
1.93758679e-16
1.11036203e-15
8.62997945e-16
1.00633147e-15
1.53705876e-15
1.56135110e-15
1.24469116e-15
2.09180429e-15
1.53723902e-15
1.84957311e-15
1.40470567e-15
1.29774995e-15
1.50620903e-15
1.28580581e-15
1.51528661e-15
1.18090427e-15
1.10153050e-15
8.77484316e-16
8.42190658e-16
1.26739473e-15
5.05126729e-16
8.28147399e-16
9.11495392e-16
5.47275879e-16
7.89334254e-16
9.75556526e-16
9.78122777e-16
1.03256409e-15
9.02115678e-16
6.85409221e-16
8.29770315e-16
5.78064111e-16
8.51801689e-16
1.01025141e-15
9.00620858e-16
1.09874833e-15
7.62071926e-16
8.77407220e-16
1.12705808e-15
9.10764823e-16
8.75966223e-16
8.10988166e-16
7.94683444e-16
9.25915716e-16
9.32535070e-16
6.72895322e-16
8.97170806e-16
1.10143763e-15
1.19982721e-15
6.15754281e-16
9.12962696e-16
9.50137517e-16
6.52861593e-16
8.87278317e-16
5.11694247e-16
8.42207389e-16
9.41068012e-16
1.40175473e-15
1.02138802e-15
1.12325232e-15
9.15391945e-16
