0.22663515740617898
-1.1078190515528346
-0.7198850369034241
-0.7836131376891795
-1.2661119500479405
-1.0426998095784878
-1.1381268852682367
-0.9810193079142834
-1.1316317941863405
-1.0067904766664515
-1.0264146246591512
-0.8883867904584631
-1.0412300788428952
-1.2698659932922147
-0.8872926195297918
-1.1801319641465218
-1.031031670130891
-1.1160020989568182
-1.0919984646252257
-0.999046551095459
-1.0549909980156316
-0.8687648751132769
-0.7899288637644895
-1.0476749795961497
-0.6782130817327262
-0.988061324816757
-0.9677455836967185
-0.9957097227940565
-0.9102554636392233
-1.2192929197388878
-1.1886624201984388
-1.0847472427088127
-1.0501262730893808
-0.8798422573113989
-1.0401529396315656
-0.8814825578664025
-0.7725725476136885
-0.9013730071936499
-0.9896341446134684
-1.1020997819159004
-1.1827037803711813
-0.8759707399021276
-1.0921400441892035
-1.0426836268567206
-1.251131391608827
-1.1253621087362697
-0.9474845293363053
-0.7676594809343722
-0.8524786271095115
-1.0456657729494223
-0.8646926514748055
-0.9329321233806301
-0.8891296752317291
-1.038432594773176
-0.8828423539353484
-0.8513484735602453
-1.181434848589957
-1.1321142059393698
-0.7576634796084308
-0.784773667389392
-0.7345217965996873
-1.146971901546733
-1.0421260635001552
-1.1820111619996723
-1.427662502450467
-1.3910079402896913
-1.0820375282386003
-1.0369924543225753
-1.236909140409346
-1.3110537197966043
-1.108753926544594
-0.6400126327869674
-1.0525676814869918
-1.0348066283221813
-1.1542166554603996
-1.1145194048415596
-0.9145653548648757
-0.9223830274186879
-0.790539283318842
-0.8511113816466709
-0.8194199562120634
-0.9799316798398175
-0.8799551874305972
-0.7370191531373073
-0.903305430059356
-1.162682712773776
-1.091136722533534
-1.0203519510657069
-1.2514684681011348
-1.0435699817901314
-1.2574657735123222
-1.3011754637766135
-0.9998444805777342
-0.9121988793717055
-0.747182050095714
-0.6123451918376094
-0.7652757798505048
-0.8219546058532633
-0.8980850502162866
-0.7047115422645769
-1.1077996433279573
