1.0113273388362134
-1.4633172457351888
-1.3737292647286918
-1.5385695115922269
-2.418137759871519
-0.9963065437524924
-1.1448312024041123
-1.1239960520194545
-0.3828885491644952
-1.3752199398368858
-2.2102579636538833
-0.3828889910175618
-1.6566339644661985
-1.7598593010243881
-1.0363352549219655
-1.4274342930242665
-1.7242443368952283
-0.30891898973618787
-1.4222046768330523
-0.6305443238497391
-1.5396534861545212
-1.0395851207318954
-0.7396917830667612
-1.1462340230866326
-1.6861259953080558
-1.3644899238717776
-2.0356900105378934
-1.6543450408377132
-1.2059656142161312
-1.3915798932911243
-1.485195223318237
-1.7710070194107899
-1.1945281327591886
-1.3809998079706312
-2.1301512531564724
-2.192980014791764
-1.2054001733085842
-1.474900623628925
-1.0950739994443839
-0.6216501042301683
-0.5474071327403834
-2.3395079880340552
-0.6202557885439365
-1.4282371957554625
-1.0090584563711877
-2.212989189806904
-1.8899298335094465
-0.9854431092164461
-1.873018565660251
-0.9639558034346408
-1.0115057632745383
-1.5029631149280023
-0.47233935485191153
-2.0498599173343552
-1.7600812403425585
-0.922407622565627
-2.3226326893834153
-1.7452933738138376
-0.7803350084268305
-2.1832062614342806
-1.7919528690595266
-1.96399619442648
-0.9524919495346335
-1.6017322040939177
-2.240983529891993
-1.3402134897907254
-1.500223632579905
-1.78897563356058
-1.4563575181571748
-1.268290886572651
-1.5528144881957395
-1.643402766916674
-1.769746155915204
-2.095256026121868
-1.5881697166850306
-1.5289856084080395
-1.8008076115578184
-1.08712201848136
-1.4293405397310686
-1.069193349030374
-1.9525937101470419
-0.9469696533616307
-1.3714429331500102
-0.23555768136181746
-1.4402100069315829
-1.373404679456037
-0.5414235250048005
-1.9550766432203663
-1.5140419609830325
-1.587190571300271
-0.3221497431390744
-1.3305391865991225
-2.1590568635135456
-1.0726238525597658
-1.8418672439216777
-0.7962218998493634
-1.371726397756337
-1.349631287689903
-1.7921178838686649
-0.49116481603372203
-1.2757117529451922
