-8.103210548158
-9.549977837805399
-4.8456110335497
-12.564711548610852
-4.852041205413411
-9.10089583323455
-13.841033044088068
-8.75778322532725
-11.770263829990554
-8.739011176139671
-8.008077390674572
-7.186900086403996
-9.992097164729175
-9.876206564461206
-6.851838991841007
-9.717540357440575
-12.841296822029015
-2.654637378945239
-8.649372637241033
-17.64552862155624
-5.796388350750704
-3.9059256665396997
-0.12942028736168165
-11.762635315788533
-8.225744723787882
-13.21927045726265
-6.7489794249884
-11.451769143166187
-3.035034665828799
-14.164605866722924
-8.543442162811006
-14.08300053492313
-3.496518088595714
-9.186747206306656
-12.136070040077609
-8.682847820187048
-6.182856668684073
-14.795419735103861
-6.813467273543752
-9.368776329282735
-7.513196460626367
-5.9005131378973115
-5.818724141480792
-3.19082788409505
-7.787283332501483
-10.260364681116254
-2.8986587080840973
-6.378061500414693
-10.032348099869688
-16.10777697180305
-6.323181940750283
-7.101805506675019
-3.8007702232118104
-6.531498317513597
-5.220340609235043
-12.060404915474027
-10.200860447967676
-13.87480591700715
-8.558790757881528
-3.6129690490618183
-5.643537736357145
-10.42302814728914
-13.988224739533209
-13.01424343018662
-10.15009340046576
-4.734616301194198
-11.424143918536803
-10.319669146337699
-10.89421356867276
-9.385311603096053
-11.737374226127987
-8.271657278568316
-12.628153006274182
-10.003864396309991
-7.370194959334592
-3.0473501130563108
-8.619826194452049
-5.403620082478576
-7.629428868945419
-8.109178822649085
-11.216325022079953
-10.394552001615821
-11.344492880150913
-6.570080319624607
-5.066847783623989
-6.452756556142821
-4.405150943587005
-8.232137074743985
-2.519617725594035
-12.743127035746557
-10.797959757787197
-3.8236297014757157
-8.851627562454885
-11.308077957622233
-4.850623326088752
-7.5469974049418
-5.502023525705549
-1.1465436747581284
-6.130234861097536
-9.156115148007943
-7.1632561877018475
