-8.103210548158
-5.036322421540025
-5.178553251709617
-14.28348520570915
-10.74166994153433
-10.708757551610827
-6.478320872383781
-8.612976940992203
-15.829544225202735
-8.792370471943793
-8.158519093022887
-6.544967322650146
-5.536995130177633
-10.358807852298503
-3.758767173920697
-12.814705617967647
-10.164090616786662
-7.7758728292278345
-5.748132174721086
-9.851037513501844
-7.317872455253627
-7.653430217092634
-6.782963971452892
-6.402414983552053
-15.900417621303463
-5.9819130585500515
-9.27590832883559
-7.467410163108131
-9.338676103294462
-1.5830948558562934
-6.908968372915528
-12.25526909688898
-6.911508189574177
-10.32174126294551
-4.916554554917745
-13.187500796767575
-10.888413627492547
-7.320410463874202
-1.3216150674419598
1.609077334821196
-4.830425611319428
-7.657049335715337
-9.594727091301893
-8.901328090377223
-13.31544498208153
-7.917502776696399
-10.443140865270228
-5.0198940940504375
-10.66535162369524
-11.996250574079843
-6.147715400135597
-10.829018325762886
-4.279479087032149
-9.328315257701966
-15.921947619215949
-6.695034914963095
-3.278182627847473
-7.765387946805703
-8.369009509616529
-12.477659075931545
-3.3965481905633723
-8.785212272092835
-7.881643772652185
-9.580154010171062
-9.128628800610034
0.41936577338855424
-10.541735874926651
-9.099326958532536
-6.959981902077358
-4.297581872309983
-3.326802384517922
-6.158350635023879
-3.8961932213265262
-11.46214834535103
-18.64974676556508
-3.1628100760955165
-10.805700191752395
-2.3289148065949936
-12.433547537565184
-3.6028802180348727
-8.170369355839473
-5.661381122778927
-13.413933708907416
-7.122266201689154
-7.880928832730913
-12.73571001293859
-7.23228040930819
-4.976985940122455
-6.19065719992802
-6.767783701992741
-9.31355864024663
-1.1841134657276902
-6.196205571459508
-9.082515905952695
-6.8014359236756174
-12.066306735105314
-5.918391911699286
-3.725970348758335
-8.125863011041567
-12.90988775387078
-6.342162706222434
