-49.11315624758723
-51.9157313084539
-34.763158466755094
-37.868135664845745
-51.5983045793908
-61.61457759358294
-36.257615604661154
-53.38892636207441
-68.19847606778296
-47.48445401221989
-44.61293492537958
-49.48076509610502
-54.5834675048779
-52.79276918107361
-71.26127089916668
-73.43359405522736
-69.59732517202856
-83.83006191254017
-97.77948544838802
-114.38203941633847
-142.1349984496753
-150.53457118006438
-162.15176304328995
-151.37332925105784
-145.95667118666296
-138.845188044729
-161.5871657181375
-173.04604401872746
-179.87606098984867
-163.5384011547268
-179.26954494325733
-184.45641860898576
-167.96275669342484
-191.241964404402
-197.23465466465132
-199.9565528278798
-205.77762564717105
-209.5204218290629
-193.128007025457
-222.87499708244943
-199.24821312884217
-210.58782962799
-204.18779101784654
-186.3321373537437
-207.19830113175908
-200.43770874899838
-194.0463809686171
-204.9215416275162
-191.177285311115
-200.8015034352078
-194.08663744442407
-220.33172390997453
-207.19522371808472
-194.00968135575087
-196.36156726847068
-193.7999230928203
-199.31532166945027
-205.42289979998
-198.20689696847234
-193.95731557406953
-199.52103236707464
-197.88372230082038
-199.92278337005666
-205.9278324280494
-204.95995599951266
-197.66893618422336
-204.93697229557014
-199.97757408944761
-192.03019543879338
-200.68728463713822
-194.7471751641024
-200.2092449456439
-208.25654411839255
-200.6226173944902
-198.8484429433744
-202.59146883217846
-195.28374002285028
-197.5274908759724
-201.49575941040507
-205.66349396772577
-211.6493454046804
-211.02180148296665
-211.18315878515136
-205.0252173569174
-186.6462944515457
-193.79921756529512
-204.94726594304865
-200.51487869969844
-204.65394680972506
-204.04575267090104
-193.37904181827375
-210.6255045462991
-209.75350152334164
-219.09412648599195
-198.0992309386541
-206.16982989613567
-218.1111436887386
-210.15452098445743
-201.9981713268051
-208.19327883846975
-192.58848941909847
