-30.690979749582628
-18.03486402545792
-13.789145096320146
-42.507720867626226
-28.198852673434626
-23.65983886862037
-16.663632903086047
-26.736233487743995
-5.355940462684781
-12.959492609828038
-12.806861827425745
-15.663441607961127
-24.25686773340862
-17.77406407589477
-36.460589593851395
-26.88971612805077
-12.715467497779168
-19.134298590349804
-25.72811471788525
-20.777322421656102
-34.327472799652945
-25.193110315684745
-25.061281302320648
-15.343579744092157
-43.04942117175446
-26.276955938683876
-18.029688461789554
-28.289163138759026
-26.43326916146661
-28.00203279065424
-21.789579437276124
-23.972695662603616
-29.244779303014706
-22.010345166344184
-24.149288598135914
-29.218820579077512
-19.09057988192385
-26.24869733376278
-22.64010609413612
-32.39398977916185
-22.26950468782923
-26.67631821202591
-31.36843032010252
-14.32597614235414
-25.235164357073877
-36.291896961600074
-22.498762718387365
-22.182540937555956
-23.65078914922022
-8.47589778800775
-10.768252561997585
-20.64486141007463
-22.142793057610344
-32.52251668079423
-19.83698007420202
-22.116371898588667
-22.858959690643907
-27.449135180485005
-12.714734734505242
-28.663217993968566
-34.3958637846975
-17.125223181978434
-27.396170288005568
-24.67788543094655
-30.628103912406765
-27.321419329511258
-26.798234763875318
-38.12264382198923
-12.211439182572581
-26.051947387146328
-22.011985591858437
-26.091782931117763
-26.70410524933803
-15.324291585686531
-19.570750264519933
-17.76458139765534
-26.358104554200768
-28.03521335870786
-28.659279751897913
-18.97447590062574
-25.941352983549375
-23.320429183944725
-24.50997494365053
-15.02317548739406
-24.452190720434146
-26.774168650225118
-23.940855671879284
-21.571922917732316
-26.815220618377527
-19.721083663571985
-30.108205630664823
-28.146445116858516
-20.22314506300709
-24.640695388055775
-19.546942783787575
-16.364739280032488
-19.862411277779994
-33.28290833655085
-18.60647205126295
-19.391240005727084
-13.945796676172275
