-4.927480154933801
-0.23069991251677843
-2.7975036763048564
-0.8965661393424113
-0.4747775407045204
-0.5581307278899919
0.9557254325989598
1.0516466854274433
-1.022781650680985
-1.2420654922820937
0.3690354227376269
-2.256547081523868
-1.0982485740802532
0.8388347329188052
-0.2112177217315485
1.004441620662192
-2.0549993231024892
-1.4519872117591615
-1.600588914028246
2.7296477245149275
0.7160051664269501
-2.5874747876649624
-0.26466991865372924
1.5353136365558615
-4.290989346848883
2.9917935280041092
-2.815081561062659
-2.6329929673975294
2.097978263585463
-2.988454627413521
-0.1341703946898555
2.743738362453672
-2.5108441882222765
-3.4609093917361555
-0.0
-1.4523914802343094
-1.301760146398713
-0.8609377586857001
1.9670224351924188
-1.6258211952066275
-0.25487784375809863
-4.171853469547887
1.6763140846867088
