0.16319380604563935
-0.5331447344312286
-0.8010454606760755
-0.6463914660327535
-0.6182179717120996
-0.9063969786694436
-0.7063580166272369
-0.502133840737977
-0.6097964928559665
-0.6089610253474904
-0.7526217572001845
-0.3175165007605724
-0.24443975601489243
-0.30373477634171125
-0.4186642806724922
-0.37194293267622347
-0.33549617266795606
-0.507300885186432
-0.5580845722593918
-0.3921278499738948
-0.3772962301362226
-0.5329908097947275
-0.9161292527494733
-0.833259437750431
-0.8684321817393084
-0.9452279787909156
-1.0007421019897278
-0.9958541857971077
-1.136507807658852
-1.067905332784826
-0.9568983436556586
-1.2429990554969232
-1.5091150866965692
-1.3367654356353378
-1.3709850654757665
-1.2331927923408628
-1.1797033453020631
-1.1731563116656625
-1.0519848205475852
-1.4335552428424685
-1.2425582559085775
-1.2072858007473857
-0.6710610254301603
-0.7226576750976902
-0.8327521951761175
-0.7949198971722935
-0.848078034106358
-0.9365933775105628
-1.0259502711865367
-1.217055429807299
-0.9683710213916129
-0.8601551930974551
-1.3041424973060283
-1.1813676643116982
-0.9555439457952217
-1.1367061977359783
-1.14985400988251
-1.0778004603250653
-1.0104114933253499
-0.7867330968712549
-0.9550234737635085
-1.0373552537785915
-0.904883875394568
-1.0727216070322436
-1.1732929943734123
-1.0001214700264747
-0.8979979560632694
-1.0894222884172235
-0.9057256193500159
-0.8229757158402391
-0.8452070194029522
-1.0700373540024162
-0.9799770918610509
-0.7836243557802905
-1.1441187310571446
-1.1026546182631143
-0.9975315079149039
-0.9486749040386421
-1.18477377672705
-0.9194731111948541
-1.1579186923633293
-1.1822096291341901
-0.9486827100994955
-0.9217650371217851
-0.9304617369709213
-1.2926591512503367
-1.1683460021715186
-1.2002447043791078
-0.966769551966669
-1.1493789151003688
-1.0278783581161768
-0.9834251499856456
-0.946994280022343
-0.833506812067528
-0.861466815384367
-1.1251379841289468
-1.0725465252426998
-0.8555253940448876
-0.7269166858496707
-0.8387982226796133
-0.7633883929198021
