-30.690979749582628
-29.04714289823591
-19.02977673125851
-18.576917245198505
-32.50893315026971
-24.336321284219704
-29.562321051741137
-10.579424551163164
-25.44680052051593
-22.149253144484035
-22.669172076089858
-24.892986815654524
-22.833990396453473
-18.961161560233514
-24.19959928962439
-30.19757618183754
-17.08608737646318
-17.720384476519992
-25.038679993775716
-28.24586316157925
-28.169710945947156
-35.06602770359422
-23.388563714810743
-24.634779172915113
-24.210869678567175
-23.053583135021697
-21.855439107561747
-25.899296952526164
-14.608268205123437
-32.7990612692301
-45.81772454841678
-31.52489498369913
-25.259017251048196
-25.532630948755227
-29.92280441480915
-33.094246805904774
-26.52463386059164
-24.924578747153316
-18.5845823058143
-19.89598136092988
-17.36546079493876
-23.431904234859367
-13.056792295130661
-31.536553434661
-30.472738544695705
-13.275985511347333
-31.566619758195056
-23.93723858409816
-23.39983929408747
-34.77731338959767
-27.751175494086354
-22.849823562760985
-26.386031996106926
-13.765186079284632
-27.219859058424202
-31.138343411612528
-26.558851932420144
-12.34252617517604
-20.399620755088467
-26.126657284174172
-28.093642420353344
-34.24159129025735
-25.313017847719145
-17.37543565920966
-25.871557241923625
-24.758830974469948
-30.610813112989007
-24.93048418967674
-27.13938373014051
-17.553921651192965
-20.488409042033222
-24.598878185899203
-16.8099305223325
-18.558001099017314
-22.015021716777806
-23.324774880067864
-38.01257825316547
-18.083802043217304
-35.49644449007918
-35.413721624797226
-33.44035587101287
-8.46890557336314
-29.71813679469193
-32.03734675581981
-17.43480250865406
-27.401466343029508
-25.458351305275073
-22.274793972920563
-24.33558010940748
-25.62511432425431
-27.142686823986853
-24.98099126009954
-25.14213697253115
-29.239373538658196
-21.468398295341924
-26.357190875735355
-27.48115897481875
-23.879667485428868
-25.985458400367126
-42.266743021157794
-28.626391452966693
