0.4111691173020003 -2.653062947452649 -0.5553189462357404 -3.317945058246869 1.4893776438519306 0.4163710263473779 -3.8938013837240497
-0.03426402009603798 -1.2282822890686065 -0.11364091540157657 0.08846932694105811 -2.721748141761783 -1.7074293379784151 -0.12511453444308365
2.0524263074951445 -2.056141852514678 -3.61069851332789 -1.683071579231707 -0.16432452156180907 -1.513877901330731 -4.368342943381533
-1.0986048700239972 -2.473380277920265 -5.232068105467309 2.3664537309892886 0.1631294174610896 -1.9580474154960406 -2.9853087245088763
-3.5800382818692964 1.8467378882069059 -4.473608135387709 -2.8564986784848108 -0.10087055545943382 -2.139911709531752 -0.38154867935700887
-2.2765806664664696 -2.5542028804440355 -1.8233821572516855 -1.7990708979882608 1.846101940629796 -2.1592141823394013 -4.218536747218403
-3.74182935808853 1.9783323662490016 -4.188625767953607 -5.122390599578213 -2.579215995260296 -0.4445539369656071 -1.8113213264259576
-4.321462144437636 -1.747196740939709 -0.6305604507173341 -4.096868387026431 -2.1869540051902336 -0.42428491427026155 -5.297756750537163
-0.6492139710000027 -3.3155249152068214 -2.7446656591199035 1.6269041461975777 -0.9371172869527795 -1.8537189172526716 -3.2852122570023106
-2.1655498748170516 1.8888588581313384 -2.768737145868446 -0.9308319177841852 -2.1440234543610375 -3.692471130580278 -1.580162624724747
-0.4969282915477034 -2.5820982045560927 -0.8919710462055088 -1.3306037402630888 2.024680796747245 -0.535953727330824 0.33688161220047197
-1.0345756382918212 -0.9356544770731918 -0.6516207297849002 -1.847903223870998 -2.8644369640436786 -3.1287518810272212 -1.9652307090175616
2.4978701406358557 -2.3302818919464654 -3.457739926712958 -1.6662439228114945 0.7013713679248461 1.231146644678189 -4.433984229135778
-1.817684771140712 -1.6967365370996172 0.5644060243383544 -2.8415202256414074 0.3841043013843332 0.47022219558769174 0.5993782828201408
-5.031936052283861 0.8547790487565526 -5.6145768286176105 -3.2732718530931475 -1.6091247077171038 -0.10087055545943382 -0.7972126805586958
0.8818219444707144 -3.669918288977651 0.09278741380920028 -0.9278841763579664 -0.3244549486979649 0.43611082356329306 -2.9130241238607626
-2.5572663504563464 -1.4609892316827686 -0.8232947810686713 -2.767959348762141 -0.21579998972694253 -1.2636202162928591 -1.8172540550624203
-0.42612564684258253 -1.633985721222378 -2.96616532457378 -0.5428461908500587 1.1676811550646795 -0.9602192488925103 -2.0023249901412687
-1.3361806069925013 -1.69719782855768 -1.664128504753313 -0.03426402009603798 -2.131021646151455 -2.053665569099533 -1.0026867507385293
-2.400940214313831 -1.973578186617017 -0.547869367485167 1.7118935448200905 -0.4168407082359462 -4.691686602825344 -2.85149171295766
-1.4490191306951112 -2.9417117306658978 -1.617615472345614 -1.5012867285387903 2.9536655823175493 -0.8547790487565526 -2.87344353123691
-4.6987791679907716 -0.29739412811819066 -3.1097352639774036 0.9270402430968537 -1.7333649658579913 -0.45714025132323916 -4.760451108789784
-0.3238513094526778 -2.1805009619579963 -1.9960597331843222 -1.5622271765085163 0.38866207707076406 1.4393985850808422 -0.6342733397514175
-0.1631294174610896 -1.7460762970815367 -2.594500510362985 -1.01837173256583 -0.4917827067424228 -2.1146107482038414 -0.4087827311198492
-0.9362816754175645 -2.8611548252683083 -2.1346004500101703 1.6514976078136323 -2.5358987671597224 -1.7126935813788813 -1.465536275913684
-0.7942618050246041 -2.7234017659192724 -2.8736478981533575 0.1370561110185936 1.7364106446871685 0.6552142927578767 -5.031507740711927
-0.4347627123954492 -4.17593560434472 -0.24708155049174452 -1.09735732816506 -2.0861909951340105 -0.4519746319901976 -4.147040317342386
-2.858485314911691 -0.5105240825534527 -3.360277909763991 -2.8517662946953313 4.261631957243407 -1.907007184595391 -2.490807784743391
-0.32625916551478834 1.6605968212191051 -6.156031913082509 1.6063250917606473 -1.6572937950511628 0.4238234819967391 -0.4909862921005758
-3.045875570193077 1.1357386203616442 -2.568798044389726 -1.018755961426255 -0.2579303869547666 -0.5089886581887557 0.019782341029446364
0.5097569484571705 -3.690031016785691 -0.26466991865372924 -1.1673459400284378 -0.9495632317971618 -0.45370303978557097 -1.9089560643851076
-0.7268544919824526 -1.362574498508327 -3.797049208952029 1.0706405465354947 -1.947825753941894 -0.08846932694105811 -1.6782975475368873
-0.19483355668961086 -3.517249373044692 2.254464486429714 -3.7574955881639784 0.03956468264845247 -2.6851109655476977 -0.44631108286808646
1.142780929416012 -2.8215409956594355 -2.1754687011414986 -0.22555353545062423 1.6080297861494433 -1.0817321227652308 -3.2130877964175566
2.2146116611781017 0.34149665741854734 -1.0273631248706372 -1.088943966482136 -1.0112371685861974 -0.6575990921694785 -1.0535057575684224
0.07401874722002606 -6.01552034076772 -0.37167709362424034 -3.183953215001272 1.6282267750662305 -2.3153676508452734 -0.2769530426626223
-2.4979484991666947 -1.387197807641491 1.7035279230752591 0.03956468264845247 0.7444102827654057 0.027976455118293345 -2.281647374326022
0.5211454070278755 -2.540294528612453 0.03426402009603798 -0.4233615468061933 -1.4173411221499246 -2.302652886205087 -0.8675039735078334
0.22468434599379783 -3.723100769509974 -1.465536275913684 -0.3483045901864645 -2.5082703510534996 1.4349051115056355 -6.187416468620072
-3.9950789658187436 -0.2846186153678242 -1.3458118291944985 -1.8469498220891287 0.3327909523355469 -3.257263267269713 0.42428491427026155
-1.2940708558776979 0.38154867935700887 -0.16785878907325083 -2.2790724890505816 -1.4690039327918798 2.307662380894076 -3.1307534996106985
-2.7198056488867635 0.17245851507387558 -0.45714025132323916 -1.0032720484032422 0.8084245998978621 0.11869406681127799 -1.8027656202600948
-0.47806325662700816 -0.23903110827999308 -2.7320847961752293 -1.5222570224431302 -1.5697251783046617 2.7809411807898723 -3.2406320320862716
-3.511064945709941 -1.720787224935848 -2.6274114788694893 0.46309398878457175 0.6416346685611898 -1.358259154360817 2.4880559026351587
0.6783969395175264 -1.626302595763197 -0.36797344444081465 -3.3134575424325576 1.5156865482719917 0.6401080393452405 -3.060814208366725
-1.916323313653463 -1.0453011115968531 -1.289678071844567 -0.34605016098091196 1.98849569457328 -1.0651433094870106 2.8386943545604906
-2.655791370116757 -0.7986840301551021 -2.67824969110234 -0.6996954274295021 -3.012659118245676 1.528415202111976 -0.08392937202498843
-0.40348300344823895 -2.763004604794199 0.5475120974517762 -1.8946521751883294 -1.609367922485393 -0.08846932694105811 -0.5657910831209688
-0.42658458894030554 -3.635019204013762 -0.9272512984153846 -0.6364291891098294 2.125411951682165 0.6872803402830446 -5.170892090963996
-0.5970886777130058 -3.5844109399487754 -0.8813780283396742 -0.7066522922142973 -2.744095052072817 -0.08392937202498843 -2.1048701914953405
-1.7474207435267992 -2.8464759474519217 -1.2164357565207995 1.3098525577229883 -2.5548924812489338 -0.3825729767572444 -0.6286957838839439
0.09278741380920028 -3.0299589854035633 -4.075108719520836 -0.6915377957711446 -1.0697263019310073 -3.313162098274922 -1.5461099436715455
-4.322866890249187 1.5854790205802611 -4.209892776228428 0.9630680336076832 1.091815367316256 -0.0 -2.9083836401374232
-0.9257729008416231 -2.3942461407281344 0.0 0.14265252599748507 -0.5241405410628864 -0.40541819288584663 1.8570942155854315
-0.9123595359046679 -2.191959911138076 -3.702585730370208 -0.21397885808123562 -1.2153091610935094 -1.4616588016060317 -0.945432786706097
-2.4307550448651463 -2.7542057670434383 -2.4371079845580232 -1.3754393140818195 -0.019782341029446364 -3.0582548186665544 0.07912937001338383
1.7235145117355315 -2.9736136392919303 -0.8055147958325205 0.7316842084863191 0.0 -0.12511453444308365 -2.218761462318916
0.34605016098091196 -3.370110132040954 0.027976455118293345 -2.164284219378223 -1.1800171782123254 0.6202354166993214 -0.28667365437983994
-1.1412387788297542 -1.3463933257648715 -0.2112177217315485 -1.0516466854274433 -0.10467832346762979 -2.626070157652266 -1.94118306762599
-2.105428008149255 -1.5842442411071664 -0.044234660174789026 -2.5656720447710253 2.3102054178809994 -2.997480723626421 -2.7078323181212998
-2.0250674108935964 -1.7000780652387906 1.4264245562666031 -0.7306136971149975 -1.599610495283009 -1.5289272644008647 0.4247458452658267
-0.8842594999840748 -0.6119778670027596 -1.6004666443873727 -1.6601253625795727 -0.17582936122100767 -0.6119778670027596 0.09691329395132914
0.18974563519333634 -5.207631025843549 -4.236788954913148 -2.7890943493462923 4.254042336585858 -2.8587592254744667 -1.3562406290168998
0.7878303277545393 -5.267265712411732 0.9320923820490635 0.5308178072784638 1.5619766233924839 -2.0481307680935057 0.03426402009603798
-3.243892671579181 -2.356175552810899 0.8282709353403283 -4.502847607454411 -0.32625916551478834 -1.3250034052527089 -2.2532487508369603
0.2502292180346854 -3.466448990877382 -1.6918853856142955 -1.0001465032246561 2.2115163277760574 -2.994278917914312 -3.059790709141411
-1.5325069108430966 -0.8474218838467732 0.36045200059642807 -3.420507948253466 -0.8091504160220787 -4.351001789907916 2.126792755986926
-2.3399210186316 -0.019782341029446364 -1.0689943433473796 -2.544913448689897 0.4805127998273628 -0.6752166735899378 -3.5103399315507833
-2.707470854783463 0.6966123983234287 -3.250524608356699 -3.633348992839575 0.6943615978092872 0.29275223011984547 -5.195237500766523
0.08392937202498843 -2.5989478494590714 -0.9327219754744344 -2.0829049211543933 -2.8331723510389097 -0.2571706479830235 -0.3784591542402196
-3.2257363448936145 -1.7035279230752591 -0.6138933136661477 -2.80309588980761 -0.5482264046987578 -0.86908148984938 -1.9956675018064236
-3.308668102625642 -2.484592072100228 -2.3010373388040586 -1.6522084372132588 -1.1095933061144505 -2.910805684285718 -3.6406169032891844
-1.439670466151345 -2.2044249673832272 -2.155857798001312 0.9450187493641111 -1.5608486367749568 0.26979540926805484 -2.7338037750051356
-3.1528117044634776 2.6811715269044054 -1.4883261354772332 0.7910526022132316 -1.7138358430933345 -2.6126940166071435 2.3035027194509423
-0.1866263135942662 -2.2186732494525523 -0.9526493142673003 -0.7815963114943768 0.3544303396565459 -3.4421901662974177 1.7454036856300896
1.936741957620656 -0.33688161220047197 -3.636150202091271 -0.5747126099757878 -0.5668276562529135 -0.7538138675746167 -2.612319398765174
1.3446480817836457 -4.030946154405205 -1.4856941093539142 -3.017398887365967 0.8339216126280126 -3.2901548153478672 0.8289793762780964
-0.29607529771134794 -0.5924829250445675 -3.821466562618699 -0.11534989781745353 -0.5791218379575039 -0.8522571864386617 0.8816000143438824
1.5686027623210965 -2.2129318742868143 -1.7024936995257205 -1.3491520124393384 -0.7942618050246041 -1.0686281760688359 -2.1955285736797534
-2.557419427692401 -0.8376675559445427 -1.5045419530973683 1.330309573458078 1.8474795504664165 -2.0878789630564425 -2.360242436779929
0.19782350757194625 -2.703491570761683 -0.48537480214768347 -0.9385778171922644 -0.5787838590760152 -3.1150816623784188 -4.61456365179983
-0.4423476893491018 -2.1830127443456364 -0.8404660577881509 -0.9017890064019612 2.993494280669613 -4.149070470138247 -1.8303453138162995
-1.403745191601453 0.6755064073485025 0.11534989781745353 -2.7060968540958004 -3.4327352862220963 2.112480942277836 -5.818440758571957
-0.7656615186241913 -2.0925606218026704 -0.92893801484733 -1.803525359101012 -0.33688161220047197 -0.5650989780638096 -1.4513131807754598
2.026709698581267 -3.3825773214253534 -3.749148400347708 1.5789236886887394 -1.957747539846552 -0.8142130138415963 -0.7773286252992375
0.12194656246489412 -0.4643598586271442 0.6726034537293006 1.1243095802978833 0.8086666109849003 -1.308208162836227 -3.516024493944497
1.6159208876197513 -3.085593669371002 -1.3023613083727084 0.0 -1.6753798781110854 0.24708155049174452 -0.6772422070295767
-1.7051354687908364 -5.419456644088605 -0.575733121181722 -0.15825877775862904 -2.1595767223946805 1.160452695551873 -2.418241949213727
-3.5845201881468602 0.8115651152863523 -0.8924096934287667 -0.6714387582096996 -0.31775185295763164 -2.728643592237491 -1.8174694258565338
-0.8862488773265843 -4.444529254120704 -4.10908743587236 1.4404858015343946 1.1770284218772618 -0.48416387877911865 -0.8702065365154388
-2.389991409318248 -2.6982734632170113 0.7753121744260799 -4.19446624864981 1.4041633464367889 -1.4200998122144732 -0.7957386105639819
-2.660283475162323 -4.478465453403484 -2.5259997255215194 -0.4673002199585045 -0.5211454070278755 -2.19953640155305 -0.29607529771134794
-0.6379646213934413 -1.5097357167696606 -2.385811133765802 0.5128185996565369 -0.1958352792096712 -1.104644320452918 -3.399263587598804
1.7161180863084264 -0.29936148012723174 0.7666830973785231 -0.8490367108549369 2.021197943003583 -2.9417117306658978 1.1676811550646795
-0.7540734044205891 -2.1630178237138686 -2.327003909297315 -0.17245851507387558 -0.25410897847036323 -2.1092358087931173 0.8522571864386617
-0.9970111607742826 -3.2021016530557493 -2.216466787363205 -0.0 2.393919122012841 -0.5699260643056848 -3.3534541188424334
-2.5911788852200677 -3.2889049896700757 0.1631294174610896 -0.9091367115887312 -1.5336557375124062 -0.8961295264989276 -0.027976455118293345
2.750721054558477 -3.529030993400683 1.1829983847685879 0.32924422366624956 0.22381178101882981 -0.6909716506245905 -1.4912159997837242
1.681908430387842 -0.09487278508118449 -2.9366499520587563 -3.0483811253750344 1.3898755212762242 -0.5747126099757878 -2.2629563573434526
-1.2764090312797782 -0.9958328626181212 -3.3719105675245236 -2.697765609270372 -0.09487278508118449 -0.29141239305266703 0.7404568789734151
-1.6110693980617707 0.17693870661400976 -2.2671903714940522 0.044234660174789026 -3.033445851214194 2.710650079134054 -0.856151479302365
