1.5810293024330548
-1.6781809381265904
-0.73780950857644
-1.681442945622702
-0.6167553302428692
-0.7475579535533032
-0.6763748639922953
-1.0021011112537135
2.3528504390468092
-3.4862738272042826
-0.46182464925831734
-2.732228085686785
-0.5278605610242137
-2.3803082483013167
1.7502183576629853
-1.9329994931368304
0.9164255112328544
0.09065408419654447
-0.7423044208092652
-1.2943732570709203
3.2470294553054444
-4.126399203140557
-1.4747210139765659
-3.1696561997650217
-0.8139726517078967
-4.866712368206826
-3.041566340703561
-0.2726810091663889
-0.8726765341799396
0.0
-1.2924063847537213
