-31.499326102636772
-41.12177945327487
-39.99527978166867
-47.126178454879685
-31.223984758500514
-34.00351566222055
-37.27666520045768
-40.11102856971725
-41.17427817491585
-39.01420074814296
-33.46190008082091
-45.32191589749604
-35.2814286423801
-50.502457985076575
-37.00868043655515
-26.718329712662925
-34.22547903648582
-38.65844697274126
-38.662718875455816
-37.31017984214214
-50.091791125493856
-39.94092370154901
-41.372258901671685
-41.41154677669979
-50.155083681072796
-30.144993124677207
-47.64863323569415
-35.43918519081803
-32.25511635007817
-40.019768228640956
-42.31128754590997
-33.736924082480414
-44.59241512803696
-39.93181999249467
-34.74735818825547
-43.110503933084075
-33.48704629488249
-29.045051408464943
-36.78061271043728
-54.5950123571042
-44.30724945390996
-36.97547058916547
-46.20084046592655
-33.17821437970526
-55.251591097778615
-36.93430730321174
-34.48266225513697
-29.20301094456493
-42.86896197063373
-30.565322214743105
-38.89220258734816
-37.33723146678617
-38.97546862619318
-28.893551179506428
-38.27652746111813
-27.994369460933125
-39.3106203684674
-30.51890889439988
-36.203896801541404
-40.04912556288062
-45.382191158617005
-33.13125561579459
-46.54197632226326
-40.760118075890155
-43.45060750038251
-29.226000489606918
-43.02124423895521
-26.221578495835224
-43.51667496519613
-32.75758784945227
-37.463046294926144
-52.58091062398802
-23.999548263512146
-40.69064799290282
-51.1590089153337
-49.03518081081705
-33.26978556424779
-48.65612169198712
-36.86333741200806
-32.71375257686923
-42.20611532329985
-35.157357339372425
-41.35255803526665
-35.78060852978694
-43.73325805092862
-33.862855605439925
-42.53321466758256
-21.898491756719842
-40.448664963419226
-42.28345372256124
-35.5344925271959
-48.450168761521496
-45.62324191257866
-34.105858296351286
-43.748429551980884
-37.71159956602207
-35.62854014043847
-34.545227882705795
-43.93223284740636
-27.167390642253377
-32.90474796469738
