-4.341222648570898 -1.916323313653463 -2.1669954334408756 0.9240804076758469 -1.319082633614918 -1.9578475034978118 0.7268544919824526 3.653448388541315 -1.661303758384026 -1.6271447041184801 -3.3159382352620046 -0.4387946208856731 -2.2036257619951383 -3.261828008705434 1.0869654788909844 0.9249270413547914 -2.8820823961982556 -1.747980624445648 -2.7803780127159587
-2.0137282932808436 -3.0519752517082104 -1.0773818475197219 -0.7465102045641526 2.432284481657924 -2.708338285807999 0.26687861114866307 -2.0471749802860173 3.265786955555523 0.48213891489989436 -3.660141524618142 -1.2236533930109526 -0.4813265440569826 0.7805942490196167 -3.022066453133777 0.489389574759735 -1.0737431561624193 -1.250074658641789 -0.6821363208629462
-1.0460496474156669 -3.5352947981221328 -1.5070112222083591 -0.9528546977490109 0.08392937202498843 -2.315536709639142 -3.70184528339602 0.6841413686038746 1.3492970502644734 -2.0669643975612697 -1.5634793399576312 -3.1844450718406128 1.6441343803664625 -0.9119304840110994 -2.5377505415161448 -4.945537516538471 3.6353962424161907 -1.5203274770277386 0.5128185996565369
1.1095933061144505 -2.9357165680616126 -0.4817329007172495 -3.108349993680452 0.28530527306726555 -0.4885892593545095 -1.914381931108908 4.092803227668751 0.41401462461224514 -3.3405853556393055 -0.7451984468518309 2.039608517625183 -1.320268911712453 0.468136931133984 -3.9887015969662216 -0.7066522922142973 0.22028696137813833 -2.121909894495014 -2.5093626041877726
-0.10467832346762979 -1.5110313689329353 -3.7577040306292724 -1.3248557083844845 -0.22555353545062423 0.29275223011984547 -0.3226406429090578 -0.8540920065419747 4.716505556516208 -3.486723083251418 0.25868789467819786 -2.6084201860317875 -3.61893175786159 -0.7388695949366139 -0.92893801484733 -0.9596076948326336 -0.7643826253237505 1.5638547935348048 -0.2654081917510314
0.6988559500935924 -2.3286014513105893 -2.785442429542036 0.08392937202498843 1.7162321188262202 -2.8536190309242198 -1.7751985577947553 2.6826312522873317 3.0010705218931535 -1.7569144618783947 -3.315761104397226 -1.798853325135336 -0.4484978345989087 0.23069991251677843 -2.6921001886169975 -3.835940388239762 1.0880450998777378 1.3901570858899799 -3.336245628087347
0.7920414340890132 -1.0145214413090906 0.659382031746118 0.05595291190411357 -3.2049128015845834 1.9059806582765 -4.0347823215476035 4.6948587180330765 2.015768214429985 -5.067089380047204 -1.835683621066926 -0.9520328980005943 1.165836279766776 -2.040280096236098 -2.067911042639146 -0.7506924269462467 0.5278605610242137 -2.2708994349244374 -2.894620475847733
-2.1760983698453837 -2.242713873784628 -1.4399422958977353 1.6777144194593048 -0.1412742076966625 -1.15724434429209 -0.6367365717588241 4.020049048555365 -3.044332666084241 -1.8901017775211624 -0.32745645413268937 0.7327531559869731 -1.73076627263595 -4.269253985423445 -2.571311334317999 0.7470342627376981 -2.226598417803552 -1.789472675778195 -1.0961083665841242
-1.043989882631801 -2.153041665754147 -0.9423230727666708 -1.2893745696617946 -0.10087055545943382 2.738453928192249 -1.8166077895297272 3.5328016916629923 0.32142541640391115 -2.6115700019813017 -1.1053526748518163 1.6115552040741856 -0.9891293294649337 -5.072847401685735 -1.9268136194467524 -0.4764232311557895 -1.2231735420501983 0.9312522620844389 -2.8304764714866244
-2.1488560907564964 -1.8348305352624668 -1.204797617910055 -3.8002452055186295 1.7187389206761763 -1.7470847288793125 -1.315219841592888 0.9287273428053827 2.561472643320334 -3.414549899387947 -0.4228991070506066 -3.1848139146717345 0.33688161220047197 -3.7992145322083406 -0.7702479537459085 -0.58950308302748 -1.4938382989867482 -1.268720361482108 0.5392295602369681
-2.168620535662438 -1.5966716426161256 -2.06980303448635 -2.0559514750190235 -1.4733934393766015 -0.9551110014380508 1.1912403741707474 1.881592137390343 1.396056827492607 -2.664474176145556 0.19483355668961086 0.83415622687954 -1.796893984354687 0.7917943418847807 -4.18132542484436 -1.4780347347514513 0.26019629427255464 -0.26019629427255464 -0.8332173735306675
0.340348762865499 -1.9531436834048812 -2.8543049245892447 -2.5786088041307123 -1.6402017677732654 2.441200473087038 -2.707760029311045 0.22555353545062423 2.532654906243918 -2.6716638857891897 -1.2978458073369854 0.5598809208410898 -1.7072000897151214 -2.9268345872620296 -1.4502340797353026 1.5699744951320724 0.2510099675688194 -2.643602374098596 -2.079048917394402
2.2974620997448953 -0.615166964838018 -1.685859863170623 -0.9472937155101028 -2.4858522049349796 0.3471792054751945 -4.083749748576539 5.249864284585838 0.5016312176569806 -4.7039041944684925 -1.1360831602837962 -1.0379746016333884 -0.47395255267836683 -3.5486169969906194 -0.7449358181401281 -1.7967850694623504 -0.2533377797477128 1.2156311520241847 -3.154177467166214
1.0252658235752485 1.580162624724747 -5.48690874649431 -2.2535961707520458 -3.9188161157045873 0.46562228708473197 0.2887140663131333 -1.619308284182625 1.5844912739623354 -4.361702137538624 -0.16785878907325083 -2.587701721417021 -1.4038845903826556 -0.1083523598284494 -0.25410897847036323 0.24708155049174452 -1.41982418436233 -0.4857777725022773 0.7967216269053552
-3.8122834114653825 -2.6113451410385213 0.8411642285974104 -3.0727511033010106 1.4713998320841164 -3.354504835298181 -1.9139729681667226 2.9432418703468035 -1.6234120517092194 -0.26906917401866154 0.541402437667477 -1.8909299367355135 -0.9495632317971618 0.6045791075785798 -2.19142411076425 0.6575990921694785 0.07661668268387072 -3.7252038881393297 -0.7615615008191641
-3.166937423077756 -1.478564241037133 -4.790233557473266 -1.763363200138509 1.2382785508045768 -1.393250541856414 -2.102358185816514 0.199791951149457 -1.579171553636635 -1.2922549629060132 1.315219841592888 -1.1312500535773669 -3.8114614954979538 -0.5517840710276737 -1.5062318902378864 -0.9236567998491275 -1.4459096238477709 -0.9530600369748677 1.6850470901538146
-1.8797190131025667 -4.308207911278946 -0.4673002199585045 0.46393828577858687 -3.5139077892736195 -1.3617125235192717 0.07132624918176021 0.40973895341170324 2.0860971791088083 -3.795295424723187 -0.03426402009603798 -0.6492139710000027 -1.3285432050483057 0.9371172869527795 -4.719162935768156 1.4755169855196575 -2.444885864891732 -1.116625241616166 -0.3990945203347715
1.4229906820214047 -1.3943737337213806 -1.3926886062991202 -1.702263786763847 2.8284009708872913 -1.6124050124863512 -1.259587377851738 -0.9807852457508479 3.143297048107504 -3.4184467204813243 1.4821334615635937 -0.03426402009603798 -0.41211980270520265 -5.402036210254326 -2.412812986616904 -1.0855243141664388 -0.43250652289371755 -3.773979008324958 0.6158028026135323
-0.5185104729848274 -0.6804130060734475 2.318830893892014 -0.44499387390701634 -0.2832403060742669 -2.655570251014453 -5.058033385008491 3.1837687491164464 2.0869413715766796 -3.543426737179987 1.8114293675920754 0.6929511351090664 -3.232708310096965 -1.5133607481351103 -0.8213911741330813 0.42057928148111495 0.35054452113734796 -3.092501436514278 -0.878487106155758
0.3102742728505004 -2.2445457851435133 -2.384580247122282 -0.6461929175266727 1.5853555858996593 -4.186380862041996 -1.0317346160862635 1.8636164659478889 -0.41871416737997386 -4.703446085633719 0.8478835767956632 -1.7282769108563965 -1.5319960447499383 -1.692810485976056 -0.28735540148900524 -2.1034750029740388 0.15576635622796445 0.027976455118293345 0.23490244801451995
-2.2251036028134688 -0.3951527337522308 -1.606446915620533 0.48375956408961207 -1.9877081704580415 -1.0475451146071708 -0.6116580427422956 2.055380236776354 1.9591465669945478 -8.142733896348519 0.9745806986246573 -0.09891171693842998 0.960830413743954 -2.7232580123452914 -4.659846952870471 -2.141374567356869 -0.11190583714844751 -1.9504363606220803 -0.8266155454726094
-0.8849231226452859 -0.17804114001225932 -0.5337586698693221 -2.6837984613682466 -0.31216046066761094 1.6009556669369125 -0.4953507275929176 2.1942802016596685 0.17132016174909548 -4.4419284114384725 0.25256422621488783 1.1889383755694565 -3.8409398308268385 -1.8505489858067126 -1.5050621358123615 -2.135058837378321 1.7081168982169672 1.2164357565207995 -2.8630014909248542
-1.0645920247286196 -0.201741189079591 1.9658281324538969 -2.265722323686233 -1.8172540550624203 0.42243616107294096 -2.721820059339172 0.8869110115748822 4.348660400831167 -1.15724434429209 -1.2430104252385346 -0.5417637366534014 -1.2741073013067576 -0.9358635898879012 -1.539259883734379 0.15450506866003139 3.0146078697178202 -2.948026742809801 -0.960015440821321
-1.9940978051030087 0.24549258269372118 0.23903110827999308 -3.4227967472369007 0.9400360784172498 -1.2567878333450466 -0.6240097407569889 0.69492498135556 -0.3810354981072366 -3.917866571292636 1.5319960447499383 -2.509440604088654 -0.6812752083425465 -1.4063914062230136 -1.3008578826274197 0.21579998972694253 -0.5726661320125288 -2.928706714507951 -0.644677082121926
0.6078070256741823 -0.23821110087806927 -0.21850322975887923 -1.3922670058204318 -0.3921703946518568 -2.7040707393751995 -0.5000684898502558 1.5054521549213202 2.1500397962503692 -1.8008105347901042 -1.7750883121606762 0.0625572578997782 -2.8911694563016814 -0.10467832346762979 -0.901137803330313 -1.698696160927465 -2.319084098969945 1.7966761479697342 -0.9661109821589922
-1.3174497574247437 -0.940452309201257 -2.4328477161446482 -2.3643851115821906 0.7138155146885147 -3.240571618965846 -2.832066659364523 5.006055255457442 -1.2742608793001182 -3.7706569223992266 -0.28530527306726555 -0.09691329395132914 -3.4386618634928885 -0.49653437043716764 -2.4296274757415586 -1.190418742758471 -0.7030433134620597 -2.205667600452937 -2.766403099007944
0.43023850222424914 -3.9048496430438 -2.3936738286744093 0.8218674891944954 0.145369962588823 -3.161864380236502 -0.9278841763579664 1.198446445087598 1.172364102935442 -2.20744157770883 -1.5339109155089745 -2.704287895650289 1.3261843881413329 -3.9824615524417784 -1.9207097258470154 0.0 0.12972151222939818 -1.5989986796244464 1.6165263003211963
1.3985776711121436 0.11534989781745353 -0.49967704426341886 -0.9551110014380508 2.7114443032017936 -4.073618695218143 -3.1503891260002166 -1.9988031985765617 4.041910831414292 -3.1677409406267203 0.52711865723267 1.8849175417191872 -4.567117306498889 -1.8098080730974544 -4.266500603951524 0.17017419378319848 -4.6724830208813835 -0.08156468806857739 -1.1829983847685879
2.4781238403919903 -0.8708808669414743 -1.9793213835996055 -1.681442945622702 -0.626513325319265 1.1206486270734424 -2.0796136570261936 2.7637129687831234 2.011102498385478 -3.561009805544942 -0.962661580458227 -2.0209074343631044 -0.8641138845364174 0.3722031779636669 -3.796585050676195 2.9746009527181614 -1.3488618900116736 -3.370110132040954 -0.8325125387455529
-4.30370493327534 2.578988315328008 -2.109421379418191 -2.5149724177782797 -0.24147442349920606 -3.6750899759610625 -2.098444647103498 1.1536878928259862 1.510642789939063 -4.077991093528173 -0.4545647792463869 0.8902142960845371 -2.521889535669057 1.8284197090891936 -5.456430118723872 -0.613574487790552 0.6158028026135323 -1.454276580844579 0.47847238467254694
-0.5464388858646824 -2.1228320483688417 -3.012139238451815 -2.3815413416309803 -0.8899944585214123 -0.9389946943260252 -2.1946369518044047 -0.09487278508118449 4.116943807494153 -4.5714898684789524 1.544336919046614 -1.353496387712529 -3.7622868473206146 -3.0909817843148 1.178523747353687 1.4736590499532123 -1.0788338881494732 -2.8173058321070816 -2.009447460533281
0.694643346695452 -0.7049889053214048 -3.1738533693173747 1.0362765133768697 1.9571476507597123 -4.209055322524278 -1.521871309028149 2.6469322083628573 2.1701542375503378 -3.148089060753282 -0.6904050412510266 0.28939100670166956 -2.272278006847118 -1.249448343866866 -1.8956848337114611 -1.9492318995258358 -0.34491742076407844 -2.8528643575855708 1.8297036706676775
-0.15701751249847418 -2.8457193813612847 -2.195795989677009 -0.3711502636014784 1.7489879585865602 -1.732574471719731 0.7480812777824692 0.18238424868700404 0.9903156028558212 -3.7257294825612517 -2.873920364787815 -0.6302500560096564 0.904821757704929 0.16071255014426922 -4.5204306867245965 -0.26906917401866154 -0.8206761832326609 -0.42197270720706853 -0.6781084407334635
1.632667756441661 -2.0965784908281497 -0.9295697445257182 -1.9870188309216115 -2.3391680840411126 -0.9441901300504721 -0.3238513094526778 0.7625885717320381 0.31959391287887345 -1.7593633166255245 -2.334896871046378 -1.6485325204129855 -0.20558422779686011 -3.1744701325661047 -0.557077972858563 -0.27836248477296915 -3.378001695298328 -2.5739742650107007 -0.199791951149457
-1.2250918183605353 -1.9418886717467463 0.1083523598284494 -4.899450015176391 2.587020860481492 -3.392691251879699 1.3890304850534088 0.8540920065419747 1.8805517430398742 -1.2592766246483476 0.7033215846543817 2.9313123295332266 0.32324654296930144 -0.7162784022658942 -3.499390766867447 0.6486108859581339 -1.0118175206811437 -1.183825165537192 -1.6325478887155525
-3.227617225306675 -0.9585875711351034 -0.22985018505318222 -0.3685048161428836 -1.347991148147031 -1.1516507044722515 -3.1197914715269186 1.3342753542000583 2.6928998795894916 -2.437910974427395 -0.12511453444308365 0.6286957838839439 -1.8659253346748665 -1.6114337662979061 0.3115330002733851 0.13562092827251515 -0.4502395892623046 -3.1764429710278272 -0.3936643883838593
-2.61628762056323 -1.4748537057259108 -2.865393546940424 -1.4664706822952538 1.1274380798633696 -1.4891148363520965 0.1666890263349369 -0.2726810091663889 3.7816501706147543 -2.6952975299523425 -3.0010705218931535 1.7478686626048054 -2.3415097525656865 -2.5691790038258078 -3.2814557121693126 -2.1218176570751854 1.791440130782084 -0.16902045629320203 2.447286393096495
0.12666881248565126 -3.3062411765116244 -0.3488659211959672 -0.24389326303316328 -0.5237670859442682 -2.3911376582530695 -0.33919698372953155 -0.32924422366624956 1.6543390933639561 -1.6178574110223987 0.3483045901864645 -0.5858404716978911 -3.8890712083593497 -2.8679883792665395 -0.9236567998491275 0.3835945390667365 -1.702263786763847 -0.8254310917150232 -1.2925577888655202
-1.0374088810169537 0.8629808956767199 -3.995520099832397 -3.143234766169929 4.423591229207156 -2.804212995322725 -3.069882825237292 2.722611027404727 2.6759830756451457 -3.3985147520261814 0.145369962588823 0.9450187493641111 -4.519087234265956 -0.9202609181556385 -1.8040678338814458 0.13988230894202303 -0.751213567708221 -0.5630175583443771 -3.307188481286801
-2.8640952499318693 -1.5509122241273128 -0.44718706672618347 2.908787454093834 -2.0519494692120146 -2.672323196157157 -0.33688161220047197 -0.9785881346989935 3.9858530228726403 -1.9182627321499586 -2.600227875495537 0.6812752083425465 -2.7393115554739325 0.1480375253231069 -2.99264402504654 0.4343124121241878 0.5616256598688398 -1.2993527176325912 -3.5906327891044514
-0.08846932694105811 -0.8388347329188052 -1.2521080183612718 -5.98205806589828 2.578001470087304 -1.9703030364349512 -0.7268544919824526 0.0625572578997782 -0.45884920191833 -2.919267027557594 0.9441901300504721 -0.0 -1.5029803249871916 0.482949919286626 -2.091437979040868 -1.1164499829511896 1.991740941457016 -2.7834740281814345 -1.104821451624885
-1.298298064043707 -2.5399092397027645 1.4975018051602205 -1.1283055682600311 0.23821110087806927 0.6236960860982054 -3.129252405584659 2.9932326892557635 3.582279935026813 -5.115769082325049 0.7279305314491439 -3.6362578978718068 -1.6212407625214686 0.9206860882942965 -5.482406701290204 -1.3530625777648728 -0.7694854461804291 3.394652752221056 -5.885530856208772
-0.7149111788312245 -0.6649964725972803 -2.9180597650743922 -2.8908308994924803 -0.0 -1.0168333653999408 -4.409044377205822 -0.11014342980975618 2.800440979685182 -3.693849613301494 0.3256588705358646 -1.9940978051030087 -4.120652523467128 2.4263222964498454 -1.1524999705138566 -0.5330249753340146 -2.3388333686842975 -2.97466676197228 -0.27836248477296915
-1.037031562507285 -1.564730501621505 -1.9861321858168424 -0.29607529771134794 -1.363722951136114 0.24708155049174452 -4.070252121131542 2.917925593992269 2.4536763269372543 -3.4789652953688317 -1.6110693980617707 -1.5151700122546155 -1.7554658061311113 -1.4036057789786633 -2.389663808693719 -4.608617011142794 0.8156536992842572 2.895229052652663 -3.0975615646529997
-3.074980138303947 -2.427370767092515 -0.5831623066299881 -1.8344038436389398 1.9041315168366322 -1.7714463583855296 -0.0 0.08846932694105811 1.4577710160194906 -2.3963706752440124 -0.8775956759004799 -0.38866207707076406 -3.1258723110437914 0.516620149549108 -0.7488655784576725 -4.988452077712722 3.211442268321156 -0.6221254408910888 2.2452432631823847
1.5272624343884076 0.3549819843055889 -1.4224404930241255 -1.9547462541390874 -0.9604230137183377 -2.491043518987087 -1.0764733276229153 2.251858535448726 1.69719782855768 -0.5560232246438809 -1.2845087837076947 2.211604825963525 -2.707253953632558 -3.4152378964039842 -1.6357812350662526 -1.9401746167618303 -0.305827932186261 -2.4424028419366306 3.1991044544390648
4.1488344568113185 -4.2256802270307565 -1.3224903155862793 -0.97377723256225 -2.7393115554739325 -0.4087827311198492 -4.1032210984567445 5.498325993503519 -1.0305960145440451 -1.7734338055015482 -3.163473785918174 2.8234135496308435 0.19782350757194625 -3.8418064198882504 -2.05099546020598 2.6983460059839026 0.044234660174789026 0.24228338651132322 -4.971614335019055
-2.6179330416075883 2.402733014103227 -1.795913512612712 0.21760588102725667 -2.4926930348708116 1.6601253625795727 -4.330562249324504 5.811092315323242 1.4557560192060959 -4.584710760763764 -2.065354105583327 0.5828266707249664 -1.0022963624323091 -2.467200020515973 -3.0146728064251227 0.3784591542402196 -2.596084334242901 -3.1281886952672213 0.7091400572628469
-0.9015719909695743 -1.1599467036635716 -0.4801054105106927 -2.7982732678219198 2.168530284140359 -2.7185098831081307 -3.2994244295649144 -0.41401462461224514 3.3810721019775736 -1.3553746266524573 0.5120549030071944 0.9671231709219358 -2.76979742656723 -3.8118211055083697 -0.41590081405098006 -1.7302008230014083 -0.5881738631493025 -3.2319815027444063 -0.878487106155758
0.8393011492622529 -0.8921903967726843 -4.000760972442911 -2.312407122301073 2.6847464453693317 -1.575076795408412 -2.1097924717238583 -3.1997775390704613 4.5366075022070795 -0.37949179063681887 -2.750365223595209 1.9728839119443111 -1.9721893929610392 -2.490021842851935 -0.8753631289909315 -0.22028696137813833 0.24628834802245791 -2.058995403550099 -2.2684849192414687
-0.1370561110185936 2.2900385009012707 -2.5969889430757984 -2.476306548103685 -1.0964653579024823 -0.9659084171360984 0.6013338631406744 1.3071606528579154 -0.751213567708221 0.4387946208856731 -2.5340456404889333 1.5120670914965337 -5.0507846867387025 -1.0855243141664388 -2.262350851658771 0.24708155049174452 -2.546374361207913 -3.5220334546050402 1.8494911350573964
-2.4778078852432013 -1.704791122280896 -1.281152837791877 -0.36584023980959013 -0.23323052090303778 0.7181881426115212 0.41495879102025574 2.265203962128269 2.125596110724612 -0.8869110115748822 -4.116372939740389 2.9037357468095095 -2.8807916141366676 0.2533377797477128 -1.3902978468175153 -0.7423044208092652 0.29739412811819066 -3.113132862069786 -1.8199443587395645
-0.2947505664483941 -2.129735481127685 -4.827305282992497 0.31775185295763164 -0.5101406597006533 -2.326330932000837 -0.35718004326838104 2.5358987671597224 1.3870567321783043 -0.6714387582096996 0.06561060592844098 -3.028601898890092 -4.077991093528173 -1.220450823471389 -2.266067832217614 -1.9433998182309393 0.34998588235689826 -0.8591175581152893 -0.8917516416874579
-2.1341419642316364 -2.9465655220900793 -2.7417400436978494 0.482949919286626 0.03956468264845247 -1.0677122085436088 -3.172064078437134 -0.943775547600643 4.693356403798425 1.4954094717896047 -3.463736823462804 -1.0481053647512022 -0.5914913123136851 -1.8081853253669948 -4.093281690898771 -2.935316455570567 0.8313364862373439 0.39416112793789093 -4.753326721821396
-2.5183944895349812 -3.9962552151519515 -0.7110689685500102 -4.673363334852575 1.7512244050218035 -2.377099213792334 0.8390679734968216 0.2811601735667408 0.6772422070295767 -2.5719202471076215 -3.779630224310279 4.940821179176869 -3.0809587153511764 -2.5377505415161448 0.7359506833594192 0.5824908414305449 -0.9002687998951054 -1.4686042363141276 -3.513852069321866
-3.128939587109783 0.11364091540157657 -2.8521094847240906 -2.041430860066532 2.3551785113265464 -3.041437613228878 -1.5360782173551348 1.599365797097302 3.2709384013492335 -4.1833857835657 0.5300800423685875 3.637011679163842 -2.3992276564599853 -4.298377161625808 -2.6321007240400536 1.1138177941769212 0.4549950369545849 -2.746091658409295 -2.454314405870791
1.4418436694849959 2.0171270162394603 -1.8433436333879258 -1.3585472703440327 0.5747126099757878 -1.6554033933437744 -2.8160548956451996 2.626740903817564 0.6596787198665519 -1.9909547004870827 2.3417605068173706 -3.0634992684670963 -3.7666041743588035 0.9219604223865909 -4.414593788784155 2.4488854387355383 -0.7263158744729057 -0.8050288060134768 -1.5187820761017552
1.570473010077456 -1.2236533930109526 0.11364091540157657 -3.014283165216703 0.749387989578397 0.6202354166993214 -1.6013223358695485 2.6349251255838744 -2.0373042824200587 -1.4031874580195134 -2.7940028635292506 2.5543561411456115 -1.6427054284200369 -0.4288719328188791 -0.7094159371080256 -1.8499143479221671 -1.4972404233561585 -2.2766666367603903 -1.8071026842602833
-2.540371579386741 -0.7491268295540217 -1.3325142418570155 -2.114147929349041 -0.8717791628585274 -0.700533898837359 -2.165640250486306 -1.055176122326528 3.058766867767028 -3.4081793508476608 0.9194099880847406 -3.4045008301464788 -1.7232874026416694 -0.3946572422757224 -1.1813430875745567 -2.029315307261701 -0.30901041820232844 -3.923660214168355 -2.9888476326680333
-0.27411241809811104 -3.1963494519909594 -1.3355946647902 2.2973769072280423 0.47022219558769174 -1.3423175607235442 -2.6096955691924215 -0.30901041820232844 -0.41448697665308804 -2.0135339073359098 -0.5055169028228267 -0.36153607280292044 -2.071693299207344 -0.4937681235535097 -1.5231566406522912 0.42104426910032394 -0.3593646581973214 -1.5902855020673075 0.044234660174789026
-1.7901287342953878 -1.5200700192890764 -2.394736585118337 -2.4444054765300622 2.1933880725639603 -2.9098640175781445 -2.6905000941263184 2.024100737125275 2.3976771459607416 -2.246114806313682 -1.1555521609027455 1.2472537658062859 -2.4738550432181383 -0.9078443786735358 0.5475120974517762 0.4238234819967391 -1.3484265893512004 -2.8932676250323897 -2.0540467300060152
-0.6838552931190135 -2.677738042290756 0.8089085496713245 -0.6525209758066282 -2.592160717169818 -1.259587377851738 0.12511453444308365 -1.1225677580669315 0.7937689259744913 -3.3757985547045 1.1986097160032374 -2.0535702678234515 -2.0453577534939895 -3.0462611742310313 1.485430650297231 1.0195239847790012 -2.06450108979639 -0.8411642285974104 -1.502719895895078
-2.2044249673832272 0.027976455118293345 -3.902742841697264 0.9655031596064269 -0.05595291190411357 -4.449286187972341 1.0781081122643263 -0.8444147270313972 2.1024512765616774 -3.4784024653450425 0.18974563519333634 2.9635242708815963 -1.683536613821755 -3.7506627045560816 -0.45110794477079513 -0.5460806799764882 -0.42520627661361654 2.089846536579647 -2.2772683379914542
0.3064670732398903 -3.26428791877174 0.5941319352659642 -1.5727143723499615 0.11534989781745353 1.0790152558520856 -2.08703514967067 0.482949919286626 4.1399033035157125 -2.233181251244764 -3.3804350768349143 -0.8348596740710279 -1.6784141488479523 -2.819597775355932 0.027976455118293345 -3.2901548153478672 0.9773876289755657 -4.1882984606505 -2.6899180057708354
-2.1033819575162602 -0.9797871696204101 -0.8632076124065209 -2.8728984817786007 2.9724942879935328 -3.1123152604319366 -0.13122123336572936 0.6106975650420225 2.1411917647591587 -5.241646648220693 -1.8977484656120291 3.0436252405535966 -2.3010373388040586 -0.6620474386067584 -2.67181041325416 0.3483045901864645 1.0964653579024823 -2.262523869809864 -0.1666890263349369
0.37325312220015094 -2.938982116301338 -2.0250674108935964 -0.759760786016332 0.5293412492354558 -1.772992343054987 -1.6917697125106381 -1.944507246230521 2.2238718246396587 -3.5282541735644193 -1.2146649232045252 0.4985008632676713 -2.091250813347367 -0.03956468264845247 0.216704816531638 -1.281305571443219 -0.9431533322601701 -1.2963371456541957 0.836966468536284
0.9857604698137856 -0.8040559452037825 -2.14174012576618 -1.762364080072243 0.13988230894202303 -3.554956489817004 0.35221512133480676 0.6835690979164993 4.096151298621261 -1.485430650297231 -1.6600074770038367 -2.7809411807898723 -0.6578965842977167 -2.7880414014613133 -0.7745546520294629 -3.6493729692784034 1.172364102935442 -2.4050942095340626 -0.7430948183575701
-0.8989637197953214 -3.9517084474173347 -1.891447352176125 -0.9295697445257182 0.03956468264845247 -2.1620222784108405 1.0853440340393166 2.9306444437733137 -1.0118175206811437 -3.8091489074208256 -0.12511453444308365 -0.4528396604992987 -1.4621942368330794 -2.5745065208443916 -1.69719782855768 -1.1295189328692232 2.6306129797434217 -0.9287273428053827 -1.9113125768866075
-1.9291483266475793 -1.597651860679207 3.5628787523716956 -4.909755578916344 3.5477892725504345 -4.671937981672865 1.8730438504992304 2.738525407382997 0.8547790487565526 -6.713466281040888 0.41590081405098006 -0.6614560541251902 -0.30001439728971957 -2.09611169227714 -1.6018110972500221 2.1768177683015475 -1.1833291663858316 -1.6406789499907908 -1.222373371915409
0.3322024604772824 -1.990463142233895 -3.9037462220186105 -1.3211579213926143 2.3835950804191026 -2.1550405901487752 2.3027378836355936 -4.1833857835657 1.2533576772813566 -0.20935673428581142 -2.4196984019152157 -2.437589810202967 -2.8617021095928408 -0.97998686615851 0.0 -1.0601714279313648 -1.2341629201842255 3.0879402385187515 -3.392748959233709
-1.3351550394177458 -1.5308459728583235 0.31216046066761094 -1.7594745472470472 1.3680210633983083 -1.6306288070597648 -0.1834539611091176 1.5555738870615323 1.4342230543067864 -3.5689186482949387 0.16902045629320203 -0.5028000761732737 -0.2639295804557845 -4.278556478293813 -1.4616588016060317 -0.20747905542313175 -0.27411241809811104 -1.7800426081673615 0.059347025446578223
-1.3988574844869266 -0.199791951149457 0.7058210887498375 -2.7118774183633865 -0.9815829760373513 -1.8805517430398742 -2.9799924894488266 0.7927822486531333 2.165730622385992 -2.101333915558349 -0.8343907751668233 2.4069652357180313 -1.9043370656328609 -0.7828470859564245 -4.947755417655847 -0.03426402009603798 2.082435058902398 -2.6736413294960593 1.196976004815761
-0.43160074478910265 0.491384660766797 -1.2201301042559172 -1.7422613998934722 3.153991261587358 0.5974163013787582 -0.13122123336572936 -2.160754557677009 2.127620808625846 -2.6665303555800377 -0.16071255014426922 -1.1846513693689156 -2.744523018471517 -2.36397117060398 -4.644393775663175 2.2652903639541626 -2.1940126010018677 -2.7686664460627184 2.0308577948228606
-1.692810485976056 -3.151569588922238 -0.4861804088632339 -0.49574558920739903 -1.4054170646087982 1.269799577412887 -0.5630175583443771 0.7600182921835852 -0.32142541640391115 -1.8813841045302688 -1.9033090997500413 -0.22468434599379783 -3.719733309874961 -0.5821548184120401 -2.040759659991971 1.2918005908850623 -0.8726765341799396 -1.3129861392453945 -0.5245137302879838
-0.6299395083651114 -2.4469664586515267 -1.942493271356428 1.9825816417591904 -0.8166127442937664 1.2441119400713907 -1.6812101549236325 0.5432065295924655 5.609967312958099 -5.163611680875605 -1.0715540112019857 0.4756010977233198 -1.3344220086673233 -2.146213165483945 -2.87671166112915 0.9585875711351034 0.35332446655648236 -1.9759567056945115 -2.525689755718366
-2.9295755101228833 -1.5524256481983942 0.1855748884546529 -0.8353283097845884 -0.7354187275319533 -2.5966120610017738 -3.4230827396332777 1.7106355887743716 1.0548051587255376 -1.058324063575648 -2.568340818526739 -0.6296288075574027 -0.766172478256928 -1.0032720484032422 -2.457183711842503 -0.29739412811819066 0.7778319212795507 -0.4130683001293441 -2.54183510061673
0.6262009246200564 -1.8748192577794969 -1.7702307092793461 1.8303453138162995 1.7681289837397114 -3.259786676842789 -2.7820671752034443 0.8822656372609079 3.8577271184092847 -3.8352767080209897 1.4207886479579743 -0.644980534192597 -4.063558812724196 -0.5489397824833897 -0.07661668268387072 -1.3105993280119945 0.28667365437983994 -2.343849082902682 1.1552134268153733
0.09278741380920028 -2.1347838167631266 0.18871159039859822 0.42795846228472006 0.1083523598284494 -0.9204735277713141 -3.5038639410969354 3.2134533550161115 -1.7866269726186617 -3.769929826436569 -2.3085951528737367 -1.9150974061915491 -1.1959947070795847 -4.67864174803547 -0.2594431906973403 0.03956468264845247 -2.4755950708140824 0.145369962588823 -2.4705297713612047
-4.67797180274669 -1.4010939801447984 -1.8407938364299798 0.18130822512890998 -3.0752347823841597 -3.1008462242287393 -1.3680210633983083 0.7828470859564245 0.4909862921005758 0.9046054697716451 -1.0835395832338737 0.4664620079771672 -3.279665370642907 -2.123385148551924 -1.0848030139182205 -5.961016221891973 -0.8471909430260578 0.6766641018605309 -0.4347627123954492
-4.535009688680792 0.3127866623704862 -2.109977993413061 1.5074007371343212 0.6078070256741823 -4.28477741362299 2.289782085694074 3.116778012748302 -1.724422649095075 -0.2323900466696225 -1.5118082273616122 1.2505441889034106 -1.2860313191270347 -1.2107922984683557 -3.5530282748323625 -0.21850322975887923 0.13988230894202303 2.579898914580037 -3.6560735560726316
0.08846932694105811 -1.7986357259722536 -2.3464363368358367 -0.43924032619998993 1.3744430350852064 -3.7433466188625713 -1.956447547770467 3.0998359300867744 -0.6138933136661477 -0.05595291190411357 -1.3304566649892355 -1.3730185255856968 -1.4938382989867482 -0.37325312220015094 -2.9675509376763936 2.643528330176308 -0.9115012301759987 -3.6801479953738347 -1.673159047563375
-0.49416424971684314 -0.949357136307031 -2.070559347364904 1.8759671556933863 -2.6817555123343513 -0.751213567708221 -2.292174179399375 2.062224656781912 0.7162784022658942 -5.486337262364438 -0.1341703946898555 0.6608641404578296 -4.956972842945196 0.6522210318589211 -1.0893033054664982 -1.3943737337213806 -1.854352253505932 -1.6229297939770515 0.7491268295540217
-2.6090204439509814 -1.464467653025136 -0.7219924699061822 -1.2023588287993336 -3.1176572388105726 -0.626513325319265 0.06852804325551864 -0.019782341029446364 1.4708677472142573 -2.763429644960082 -0.5385033194598222 -0.07912937001338383 -3.5863768990073073 3.7435558480197315 -5.947650258310047 -0.6078070256741823 0.08156468806857739 0.4502395892623046 -3.0702654169842662
-1.8230601389390149 1.9030006017438459 -4.4991921603072615 -0.3737769883456949 1.4518524305908909 -1.9128478694045414 -1.6296684190017272 2.3916287397199945 0.6330381296242357 -2.7485141605575696 -1.4710007864712324 1.4312181419781185 -1.3297210446524939 -3.9713823218495246 -1.8135888397316493 0.2609472243862704 -1.9890861331240286 -1.6809773319957206 -3.241356901797602
-1.7949325054691725 1.902692053736908 0.5066767977169201 -3.056077653755473 -1.2838992640774478 0.6824231169165307 -3.2163763296555805 2.8591700421579054 -0.33455021690438635 -2.555581896094577 0.5591815009956947 -2.1875803695831904 -0.059347025446578223 -1.8469498220891287 -2.2667586913713302 -3.612162366400601 -2.5275490047025313 -0.25410897847036323 -1.1218702720501523
-3.8279686425728707 -1.219488412820722 -2.831721042248949 -1.7811416920090632 -2.1347838167631266 0.619919852461674 -2.431318633445395 1.2942220653049932 1.6178574110223987 -3.6977701784344257 -4.2788311216777135 -1.0955726615233186 0.25640865792940004 -3.3013226753442537 -2.7064585008028765 1.3395448017019458 -2.021391592245149 0.7146374202728484 -1.505582138844151
-2.4823064518716818 -3.8246421852852497 -1.6780643206153731 1.0358987824557424 -1.4192727681071842 -1.0392934189930005 0.6097355744215317 0.15195108845669586 -0.7793398591779847 -1.8949620318121225 -0.3051874526224817 0.25487784375809863 -3.433761771104603 -2.557189808404314 -0.2624426388026188 -0.059347025446578223 -2.8326886639936317 0.712168858018636 -5.435307370810941
-0.2272819425665676 1.3996965890530049 -0.7613045166014609 -3.1862888594658503 -1.909878524117386 1.0542484686027611 -3.3740582181936944 1.9747678041164045 3.382403676404461 -4.4721192549143325 1.341004863084693 -0.38461338807931095 -2.501237342175176 -1.074653983896149 -1.0893033054664982 -1.3519050708099032 1.231146644678189 -3.3804929931661736 0.5685510785953793
-2.997480723626421 -4.033471636162439 -2.0721655960781087 -0.5074485881219329 -0.8917516416874579 1.2542941045438205 -2.539755107783739 0.6954879085526126 3.7716953881209343 -3.7284613808746085 -0.27976482632557653 -1.686556214096561 0.07912937001338383 -3.3815932152122716 -0.5546137735257471 0.8076981315821625 0.4480613380270093 -0.8967843660563569 -2.921144000553394
-3.406685430298888 -0.4489339067758656 -1.322342338072628 -0.4985008632676713 -4.031480522649029 -0.8956927008422768 -1.1876209447277148 0.1282042487280194 3.1956143839529454 0.05233915627441309 -1.3760082925602102 -1.6898020586095128 -1.6859759416254734 -3.0118142680524342 -2.0325916947317726 0.5871749736393922 -1.1656684190651891 -2.2325676742926635 -2.002422729303164
-1.5644803493161552 -0.8965661393424113 -1.1545356605332129 -3.4418488755248373 0.9659084171360984 -3.760152365302081 0.4813265440569826 2.7168532837272514 1.7774020349298691 -3.5171937059644307 -1.4294395434259306 0.10087055545943382 -1.42683606594419 -1.3959166471729478 -2.441040112520212 0.7359506833594192 -2.297291711553612 0.6673463172952392 1.5298229610791743
-2.361983244672884 -0.35277023000569374 -1.0406105651344155 0.11869406681127799 -0.3921703946518568 -2.7338037750051356 0.8704313713651405 0.7656615186241913 2.6628574935591396 -3.9931177815414753 -0.759760786016332 -3.6240680499436304 -1.9087510128143992 -3.564307286621525 0.42520627661361654 -1.1836598555770963 -2.4110276777360093 1.1125873085654272 -0.027976455118293345
-0.3102742728505004 -3.715150781525724 -1.7650271438307108 3.274288478865698 -0.3380412803038261 -0.5875081255056505 -1.134014350769127 -0.2947505664483941 1.9022805785733394 -4.072657100399427 2.740168914537046 -0.8847019703970609 -3.958640035708757 0.06852804325551864 -1.3250034052527089 0.8899944585214123 -1.8678122869735845 0.3039024440955947 -3.3793344781673373
-2.516372918351074 -1.468470979984267 0.5967608741873345 -0.7444102827654057 -0.7351526052801157 0.1370561110185936 0.2027087792782551 1.1443210019915369 0.2624426388026188 -2.2229915654162085 0.25487784375809863 0.7853426591439902 -5.173771097414026 -2.7966638805830155 -1.6554033933437744 1.816069059299062 -0.5888388481408883 -1.139522830743514 2.3732261534845094
-0.8722279639152607 -2.2894401541020697 -1.9102883632906182 -2.426725607965958 -1.2777880794193184 1.991937453228637 -6.493288257649973 3.3287257302863194 0.18974563519333634 -2.1443885614194977 0.6858553158270462 -1.1946850564652782 -3.8673595206600586 -0.4338616445003961 -1.0222075227725913 0.3488659211959672 -1.8661350902303546 0.3333784053795558 -0.3763853823629355
-2.088253881830843 -2.4924574565384168 0.42243616107294096 -1.9560473764584068 -2.5250697020331976 -3.5602949492875555 -0.6578965842977167 2.34510133619816 2.4367867145648003 -3.518251230064359 -1.1085346689486475 -2.4643423696922175 -0.5581307278899919 -2.0624144554613 0.7478196614430778 -0.26906917401866154 -0.1834539611091176 -3.1662573645063428 -2.0133395026309318
-3.108664881990558 0.9966185494952173 -3.4017393322519935 -2.8029562203388654 -1.1477359878341498 2.0680056833239155 -2.8223733951250294 -2.4459263828658067 3.2427457829857587 -2.391383211584939 -0.84880620935989 2.982947122023354 1.1547051393945171 -1.5024594216717915 -0.5811455836506741 -1.9174463738911893 1.3037129094583417 -1.8355770070160302 1.7695672760676835
2.5183944895349812 -2.7119495975036982 -4.582787755850459 1.0561029613154376 -2.7738227998835208 0.6258883679979999 -1.9333032059876072 1.0878652374431805 2.765129152782367 -1.2467829965901005 -0.9255615084343143 -1.5683532274876337 -2.311729898006171 -1.1025165269400248 -0.8899944585214123 -1.3333950887297992 -0.05595291190411357 -2.7793217652472193 -0.1480375253231069
-1.6509050162484415 -2.8264624630706696 -2.5273166733313492 0.3951527337522308 -3.4934549996401887 -2.6710776956069213 -1.037031562507285 2.307662380894076 1.3474103410157632 -5.612202700940145 -2.5153615238825053 0.9781881298142457 -2.021682031342692 -3.1043166050610047 -0.019782341029446364 -1.14483389918635 -2.9555207288067464 -0.6878495234791921 -2.249423592141879
-2.5816433326568 0.11364091540157657 -0.1866263135942662 0.8917516416874579 0.12194656246489412 0.7324860653500864 -1.547628062749625 -0.5588314628172141 -0.4352125467648436 -2.8619757125421073 0.43790184934227433 -0.4484978345989087 -3.147093917833654 0.5938024995574085 -3.267225384511203 2.077071120021096 -1.237330004747629 -0.5154826282316064 -4.635232427528565
1.7618087686188648 -6.145386044110542 -0.5924829250445675 -1.7859696281820467 0.5352230417458277 0.9304113835961423 -0.9240804076758469 1.3859276116044115 2.056903186368293 -5.209211061454604 -2.681536532691196 -4.131948322583318 0.8538628696320982 1.593972935626153 -3.4343319080722927 0.4756010977233198 1.8382405039074183 -2.5493704552694574 -1.818976307644425
