0.3706537998053463
-1.039019159503277
-1.7902838597218282
-1.3591380308460634
-1.2362055653044195
-1.2928694776279037
-1.3249976545046758
-1.1542167031365589
-0.9772554617279781
-1.164689197255375
-1.4181988236062208
-1.3219039402907258
-0.6582924374509123
-1.0328025553911926
-0.7257506421152303
-1.6325183312838256
-0.6803517919042279
-1.2218859221621376
-1.0802929084314445
-1.614263468642044
-1.0362483749024993
-1.0548157689297728
-1.0701308305789514
-0.8927594565340825
-1.622442116903758
-1.2063606103946436
-1.2509939814172435
-1.2029877876329738
-1.0212296991369008
-1.0745345287930266
-1.313793526147257
-1.4096445976374492
-1.328072945939194
-1.0600915298084679
-1.2423849397179345
-1.162185115053203
-1.4041876918305938
-1.2449828062024482
-1.1718363676141172
-0.9808065852287473
-0.7723105767455942
-1.3432002434177328
-1.3352507358605814
-1.189546249791274
-1.2213884535821418
-0.5872237177694544
-1.213898766623825
-1.4029196157679074
-1.5545452131027329
-1.8006974060784255
-1.1360051721974809
-1.5595901885051282
-1.3449466551730322
-1.3357111011739564
-0.9047730947956693
-1.1387159595467211
-1.1882225296189965
-0.9503233695397015
-0.9862703518367344
-0.9671722680020758
-0.8690614106750311
-0.8513630031110777
-0.6730064327237876
-1.2971585184260077
-0.695588560056258
-1.2473328376638815
-0.603644582432092
-1.2730376579986444
-0.8307322538129182
-1.1778251648220803
-1.04487874185477
-0.31007023795011923
-0.6384225091411185
-1.0861022485061669
-1.1624337845374888
-0.6612200358213988
-0.9153010102776183
-1.0739505279702792
-0.9123235132338986
-1.1951628503389429
-0.7983072146728363
-1.3682468325156123
-1.2140510649091418
-1.6337666040168664
-0.86312510503834
-1.2759835719740111
-0.7844818486779307
-1.1946403527719605
-0.9378919598743849
-0.995583183989233
-0.6098162508432384
-1.1336536729898246
-1.1154262111691344
-1.4579552626028036
-1.2567252180584614
-1.63684940394193
-1.1914263250471042
-1.1519724942474163
-0.6985641708592624
-1.3492337533908219
-0.989698306842693
