-24.304271847043196
-25.90374744959908
-17.318975467328332
-11.43830958723065
-20.744514066476427
-15.085665962550546
-21.762377985815718
-15.912358044297795
-17.581080095611046
-21.120747275711924
-22.205380874944197
-21.05952514719102
-19.968178343266672
-15.76273758930396
-18.265747546816353
-21.83704373431727
-21.446514669839466
-20.494755169149578
-8.82381977752573
-25.959280196596517
-17.35104671899175
-3.917851190746875
-28.478443883428934
-13.557965974345418
-17.313163495890958
-5.138077328177377
-23.7707683958889
-13.197168960795945
-11.437180740030861
-11.274391573883408
-6.05177739395056
-14.519836004073005
-26.10583649924057
-19.662072669327994
-19.656585637068464
-8.718749210447779
-10.76337769431604
-21.492350895850954
-15.445359612474082
-1.5835892970948278
-16.99266650979893
-20.090751589154415
-14.377799502114883
-19.304585394595364
-16.769670575968938
-19.491889699918136
-16.497660265572062
-21.02111183368855
-20.171814779069607
-17.982219866873415
-21.121581768662978
-15.957833189462523
-16.678867802306424
-14.613024003284913
-15.099700010931748
-17.431584701691158
-10.393276115063625
-16.30260540621549
-14.951647546268804
-14.82479011020995
-16.83689635754763
-14.728411638704149
-16.161332549558733
-23.22684410210357
-14.264066421101333
-24.19054487957132
-11.758779764084524
-16.588527255130295
-17.17170454734769
-13.802102704909405
-13.302856416679377
-16.675413068732478
-16.534521019256168
-19.6341619677074
-11.503052598852832
-11.54218358827595
-17.715967272976208
-23.30835279978393
-15.501291430473536
-15.101160642232717
-13.013195935344585
-15.93038483602558
-14.487231524878386
-19.485733295177607
-23.862410994099587
-14.823485095252881
-12.56079091559273
-18.32104947530889
-24.452687930256072
-20.407806959746114
-24.82047980267613
-16.875774253632795
-17.73743963878005
-17.074182216452577
-11.61270582373344
-19.587794427094906
-5.730772983064083
-16.348719372945435
-8.884565124221337
-17.091651353389736
-18.884004987314125
