-24.304271847043196
-15.3211781266126
-21.879310173650772
-15.03170091338961
-14.640036290303076
-16.03555308711579
-14.315745130879865
-19.561860726817343
-14.446505305508948
-20.909771091241385
-14.983823357717682
-18.589825889351715
-17.055922178114237
-18.079780597651244
-19.04001810212538
-23.45115020325415
-20.574197700657972
-15.821168383218867
-11.857591487372938
-17.933733366125367
-22.094999988867336
-13.391960987475414
-7.877472472329482
-17.77332844054245
-11.779534249726117
-26.06539523660822
-17.495363672371475
-19.57631898710879
-12.274142429570444
-20.465606182285327
-22.551828948818407
-13.388439236381869
-16.5071113183721
-22.01558178630504
-9.336719327818702
-15.361699734081894
-15.301779571521546
-18.674106214770756
-17.398172664419214
-17.322477365331856
-16.776467950017114
-17.981327613370194
-24.258384844889054
-20.84849707185095
-13.415629709521623
-10.950327028727653
-14.951921421119224
-16.877870449178808
-19.5248031180339
-16.825376604119604
-16.779084838979472
-12.034162998756601
-20.747958549308105
-23.762664967088025
-22.3212085926164
-18.238464974617454
-10.926418594082348
-14.04265229022573
-26.913914644590275
-15.167544134199234
-17.995056959530256
-18.486446767678366
-14.651931212858273
-20.315715179844574
-15.053536109324702
-16.848971912718902
-17.77760818434486
-18.249923463961558
-13.357999844277549
-18.78937754853215
-13.878710047030427
-14.080513412863068
-13.746868135741927
-17.85674939411088
-13.444000566565299
-20.078814896065484
-10.68338104312535
-23.20337730516522
-26.77545150019783
-12.517934761055582
-17.550601981473466
-19.060981362889112
-20.540198319429617
-20.412487828134704
-19.607600884546553
-26.990760900038754
-25.239173619937063
-12.76131827491761
-19.43462482926469
-23.024775022279723
-14.349820379556554
-18.39856907929995
-14.453752880284199
-11.468793281058291
-19.29627274364345
-22.671669531488725
-11.287911544832127
-16.310129057335214
-29.488807770798495
-16.454178974751628
-17.841342193905767
