1.9454128549689
-2.7073262559455706
-5.053770700724014
0.2130624551327921
-3.9735513528743898
2.081306956910314
0.8163730886577575
-0.805271837583066
6.543047360082351
-6.391232814613647
-0.9291486391263918
-0.4083037802089377
-1.712122164829538
-1.5481337717035566
-0.05595291190411357
-0.37742369258806074
0.2323900466696225
-1.6955827595676363
-1.6598895830581941
0.05595291190411357
0.2769530426626223
0.18974563519333634
-1.3991372419129673
-2.050613732383012
-2.7692319940078995
-1.250857111178881
-2.589214105148419
-1.3484265893512004
-1.1973029253622578
-2.746234217644159
-1.3143268161161468
-0.20463023449693923
3.0994569849651805
-1.826170604847846
1.8241333123190733
-1.1856420541084303
-1.3175982843196143
-2.4823064518716818
1.1295189328692232
-0.2502292180346854
-0.4969282915477034
-0.5066767977169201
-0.819005443910213
2.999112982288475
1.439670466151345
-2.1989134412003035
-3.878583963645418
-0.6605679847349772
-0.29607529771134794
-3.517026699443737
-2.1273448268756536
1.257721707121227
0.24228338651132322
-4.764893314688635
-3.0507562901404013
0.027976455118293345
0.07912937001338383
