-24.304271847043196
-17.28869657296332
-16.819995470187163
-17.79855974956968
-10.668039074629831
-16.863111538654284
-23.60841950948317
-21.519754872207265
-15.954649345532449
-13.537829615449407
-17.863043560141442
-13.276371204289372
-24.693300501759047
-20.69816835092693
-24.783595094674897
-23.083468582830854
-15.73149125450228
-14.455616822645696
-19.862738320075188
-21.41070415567362
-21.731625502875467
-20.5349977858706
-13.999651516076867
-21.0360807696279
-15.319506653599639
-9.862546996944443
-18.097769562368377
-16.744486894619254
-10.874752916842269
-17.433533308751016
-16.603110897694574
-23.762117472271875
-23.217355542366512
-19.591947057550218
-34.00944215162955
-11.128850465906613
-22.74016555666409
-17.93070482786552
-19.927304826791914
-21.809712146139553
-27.293125485080722
-15.862411290737992
-27.629762364330947
-16.428445959743726
-18.28860597912855
-27.357650464165175
-13.594253069492861
-10.231770981851179
-21.650847673853118
-2.849877768875048
-14.180295522931543
-19.440690630574714
-18.25532823655059
-19.063912565463283
-14.443085450805738
-22.324220274490504
-22.606401130775808
-20.729343629182274
-25.575994518152463
-21.38986076717371
-23.19445237534448
-12.58872066474424
-18.85985025855189
-9.327696623972333
-13.63079174690843
-16.547974097342596
-20.927602894402
-17.84219029648525
-24.253513215598364
-18.704628089027548
-13.422215340497443
-12.056712954634735
-18.168975925557895
-23.681133574588593
-10.688429928609025
-12.059150881565946
-19.975706432356745
-7.900515105214289
-16.248175941516934
-13.68599210773757
-24.159315590818423
-12.259320191812558
-21.88380172664644
-15.600183353986296
-28.28282226546198
-29.378249270117053
-23.665004104348753
-16.78057402923369
-20.90221553861609
-20.04664455373303
-19.185053752344793
-15.092005322556076
-20.196719257054358
-17.419158113406343
-20.098622474875118
-22.754891217432235
-13.527803151386976
-21.68484680334447
-22.25863476387692
-22.22670866845624
-17.157370483794637
