-49.11315624758723
-33.93069004776574
-26.555080869296006
-50.7814741652897
-57.676329021986106
-51.548532390254806
-46.99209607894486
-49.12209050430445
-50.55253436732598
-34.99812526058218
-57.0152390214767
-44.98257078086471
-47.54222938175765
-52.91598817819061
-54.06365316415971
-70.36896844494768
-80.88076608939689
-63.28537874082488
-76.91417316868065
-69.25064083874484
-75.86838303380429
-83.15861379937307
-76.0777178260781
-62.04181114439717
-115.6781015359286
-121.53827917508487
-106.62855414867737
-111.51892395477707
-118.3599969493701
-120.41594607964039
-118.93809533406389
-143.4891100012459
-140.4266360110537
-142.11616032826052
-145.11190993865432
-141.05030804202156
-157.95326360087665
-138.40538562795277
-148.62235268489414
-150.29337657658874
-148.2380551698416
-143.41764481619504
-156.5854201847703
-137.59796394752138
-142.28312332170495
-150.10026267019683
-148.63213474121284
-144.77650471691035
-135.1915904956079
-130.93370311742578
-142.36742287521642
-149.86661798170803
-143.11629050654312
-146.55037346266727
-140.6941162019532
-140.5256346902046
-137.5334432045603
-150.68498993942873
-145.94634305693123
-140.47270329264475
-154.58416142604415
-147.6980703017939
-143.74611204755294
-149.4986558825311
-151.28918037740436
-141.00339273721585
-162.39479375960101
-147.5907622876126
-152.75692727281617
-146.2828179004509
-153.12372432038106
-143.73076453402163
-148.19739830716495
-155.70952764342374
-146.3286076207897
-144.63410626821903
-149.69936667214878
-146.03619311842297
-153.9998237396793
-138.49719939208336
-156.0727601318044
-151.74951007818206
-155.5008023321354
-135.66239407864558
-150.417935762582
-148.46938208818844
-150.69712712493177
-182.625644637914
-179.52208173247635
-178.80898611590095
-199.7444132920919
-196.45385453029908
-190.91711404906434
-199.75793041668075
-206.56203030115685
-204.18700271410125
-204.6815636875893
-204.11004001025807
-199.49258556720116
-189.69283045802663
-187.27593559860486
