-8.103210548158
-5.842009911808445
-11.344031003853203
-11.217826244966108
-11.685738151883104
-12.98488559107846
-15.909604618023208
-18.70508339311877
-11.15854886033691
-11.392917290004407
-3.4759926009555007
-12.428173623109373
-7.457861817367805
-4.337830729751216
-15.5722136289733
-6.424561356051138
-10.90618397305215
-7.363985967457898
-9.91914492638905
-11.170513247614874
-8.284190059921325
-14.129824642960527
-4.868851858703324
-8.537254143537554
-9.9946679673347
-8.894138161345522
-12.640343139863568
-9.717236614019841
-4.939825770772545
-6.244827659761489
-7.924512262978529
-8.530430281327153
-8.3069713972359
-6.7665724358688895
-2.2825407910802227
-10.461225820614873
-3.651314337526798
-6.995744630157578
-12.573038997784263
-9.972646633134099
-5.6515485061530235
-4.883406387090323
-7.0008522131264215
-5.624738243895175
-5.534356263868535
-0.8353059184290355
-8.400593806962389
-6.777256018526411
-7.983484079478068
-10.702424553808898
-8.066641131666653
-13.63281643076382
-7.800780885110838
-2.2498310339355747
-10.643284784899823
-11.996415900231046
-3.6678057116645997
-6.0068231512128145
-8.422428060499504
-9.694686578068957
-5.733126531398829
-5.447723308226219
-12.004726212815163
-3.4684153199346492
-13.17915621810862
-9.750804960961315
-8.473344192289977
-9.67865495701168
-13.102855730493701
-8.999447527325064
-11.759228867797193
-17.40752184443254
-8.87979148468381
-3.1919408510726095
-5.481901329819278
-6.543963389239579
-8.816644895783197
-5.375153693244352
-7.75439337870397
-6.1699612126461885
-12.238049855783949
-7.353537001169784
-10.457680843047516
-7.943979285414946
-7.07538151349044
-2.56106630793089
-4.877574624772876
-11.275949987876325
-9.20066839555063
-8.176721759202549
-9.319094023100655
-13.148805980338103
-8.72043605953376
1.5815703601071458
-6.927641253330467
-7.945040662328514
-9.083852888147414
-1.2244431997968537
-5.84578887817015
-7.987746369853232
-4.83603365414953
