-0.8616343201331093
-0.8458153072697855
-0.9556549309457124
-0.7931752463180086
-0.8135109607637429
-0.8924085903191923
-0.8774909128281867
-0.945396583518471
-0.9459978531439834
-0.9160500622851596
-0.5952752639958901
-0.7024878712378854
-0.6212629263948404
-0.6350380306362498
-0.5599781345527854
-0.630049820778827
-0.817673324640753
-0.8285968718037828
-0.5739768468589402
-0.7078230303960524
-0.4658786117420352
-0.7047000520478989
-0.6607837420918233
-0.6557645476689905
-0.8507718665795292
-0.7664957912125251
-0.8071837740002967
-0.8359288746756274
-0.7368360586511379
-0.9141811352219162
-0.8909030555313983
-0.9272160887465347
-0.9687913524505928
-0.8989572305481348
-0.8729335285883965
-0.8260731482486362
-0.700614879414844
-0.8234193757669531
-0.9530235053999783
-1.0710012690795785
-1.0118654214383527
-0.9060573551016485
-0.9887745788070387
-1.1619697470631483
-1.1075975717197262
-0.9572594671966342
-0.9428490299488437
-0.8206910393861688
-0.7799978991983014
-0.942193206754763
-0.9043602173728913
-1.0525750648074166
-1.0586878779121771
-0.8904772548514064
-1.0494238972473602
-1.0812036176352018
-0.8924472041620206
-0.7740291101625068
-1.0685065642799698
-1.017093644659373
-0.8244227382271029
-0.7925188728831998
-0.8406329365731315
-0.7095076962945991
-0.6738023718586171
-0.5893464254047407
-0.8698909952251807
-0.7953089580434758
-0.8154197337571946
-0.8590245303156998
-0.8617910614790255
-1.1021309777849422
-0.8575280680779631
-0.974695498344044
-1.1375030097625605
-1.2883782656494336
-0.9080664839563677
-0.991370451450419
-0.8090762639881464
-0.9948882836663351
-0.8868865678478243
-0.7764062483256462
-0.7568327891924438
-0.9099121557016763
-1.01353674143254
-0.8855475210153394
-0.8576677703393135
-0.7924218098423973
-0.8137389151911737
-0.7481053961809032
-0.6140021975540733
-0.8976479618569473
-0.9286054293151289
-0.9177763946051062
-0.9369756003480688
-0.9263234790142009
-0.8913919596785699
-0.8254339656265239
-0.9236879150442663
-1.1172529281900423
-1.0002673512539773
