-30.690979749582628
-32.038024495451204
-19.647868654067107
-28.702157650687546
-18.43422291936609
-23.395534280925258
-27.665949305441792
-32.428847803621764
-21.78722737773988
-26.28327431238454
-35.52745252482634
-20.588437210855346
-29.61142592524503
-19.313560458911528
-24.595341026690424
-24.97214091821449
-26.0973041216021
-22.406910439633855
-16.310736655197186
-29.598561583765697
-31.72902473046771
-27.36604027500648
-19.602730194518518
-23.503358789413554
-19.554637102119763
-30.37815227152581
-30.33632564753289
-24.558775517117827
-26.209120592160957
-22.51469104586401
-23.48374344835038
-22.148828586399347
-20.23640973020011
-22.189157262733026
-8.563982692533084
-27.932243481649
-32.299337032433606
-24.90796269307678
-29.512100838795742
-32.39961525185306
-25.4710465777343
-20.032177414607535
-55.55072693635606
-53.802353960285025
-62.552051357630816
-58.028790712244316
-58.50619140646509
-58.17483997154982
-42.27863421180278
-58.82822818942728
-60.75044328875926
-60.742977671046184
-59.31280146439854
-51.945914822272634
-62.78619867611286
-42.97879354371906
-52.71543274162562
-52.21542154870418
-58.24579891946825
-56.75918909717327
-97.15726735045796
-108.70124686274164
-112.5358344599149
-111.73898194864775
-111.9118640319874
-113.83173237538367
-107.00635220031151
-102.88180672286137
-113.8321511495688
-101.79967988068839
-110.92150445403966
-113.43307026938221
-107.970246122666
-116.15474559715427
-110.3770680476336
-106.16971060146147
-108.68442064907738
-112.25740789442096
-99.94638936870756
-112.01488218650204
-101.74826471692913
-113.863615015076
-107.44427924292339
-111.25728663595135
-107.46293930867822
-120.6098628444769
-107.3479087565706
-116.16656819153556
-109.75823386177328
-114.18955595732847
-112.72511391331575
-114.62604486081729
-109.3620533192715
-109.6322059865223
-109.27169552093538
-112.8945406103256
-106.58712266240623
-107.97770249860291
-115.24388751745091
-111.96681756075827
-103.34195917749932
