-49.11315624758723
-47.83441871417848
-61.054930864302996
-54.34707901387254
-46.60318726166949
-50.96603535183316
-41.72845162102445
-50.955348911739236
-38.04669963496281
-52.546397017641915
-49.081944857954305
-27.85761697344206
-37.49156523602251
-34.267414469246866
-50.26880916163698
-40.724959988965765
-43.51896804988341
-53.561861702733566
-54.07190755154955
-35.10406742152104
-44.55390286358894
-41.83016507040918
-41.60726556040891
-71.64009906454923
-58.86725483579831
-59.06424131940351
-53.02227598794634
-37.40338425439094
-54.56156634176856
-33.109365478367124
-73.46229343773274
-82.6128817074988
-77.75515542027823
-86.84148645039822
-88.11163169126476
-89.04846658726085
-87.34029370297137
-115.15861570666596
-129.98090115898708
-155.1782615241899
-144.9236920448456
-141.10188356010093
-128.43816896463753
-144.88374960200974
-146.05595512054313
-144.739192909703
-158.79246440625897
-169.4224212865973
-177.5777306602344
-170.0074218975653
-196.46673033639644
-187.7312651221024
-196.00885924013156
-199.60751722628285
-186.739081417082
-196.85213662674983
-202.6742784991968
-203.66759802532115
-202.29689395689778
-196.82962934948242
-207.65114925067772
-190.5703562409698
-186.90070378210808
-198.81500725575066
-196.57007699008204
-187.6589469496957
-191.65878469672853
-202.50398414644474
-201.6454407173942
-188.0398770045865
-193.69725078329745
-197.3950193122604
-211.0462171432026
-206.26546402959963
-206.02275242749718
-189.14242568519506
-218.61569774004778
-202.97859735872242
-213.11727125056794
-204.92869012844503
-197.8637885181044
-197.80448832399665
-215.5094180077846
-202.43634667182943
-204.70669417294033
-204.97279328974733
-205.12006632805566
-202.9102531760402
-193.9531866650382
-204.31771887369595
-201.39760655805378
-204.10300449825093
-204.75474999639474
-215.7249196796645
-209.16476128714518
-211.05101423370047
-207.47818898676093
-207.71273577155716
-214.39863597837265
-206.65008807243586
-203.80860946495483
