-31.499326102636772
-23.220733726412604
-30.39119249075225
-28.26203150606652
-40.3412656915226
-34.13920994266081
-48.64282577946923
-38.50889060998112
-40.624084709965786
-35.47035284792898
-22.912595139692886
-37.37913038675241
-33.32057750095494
-35.13315862011244
-39.18639441819019
-28.199746600079965
-20.747921641396438
-42.88583664074122
-44.84932878020083
-51.98758089486323
-31.311678265422113
-26.795267670893868
-24.230462612935664
-48.09212245279784
-43.9978105781921
-44.19729029374153
-43.58476738300442
-37.68804714221789
-34.70427245138002
-39.286445866834605
-40.52882925320918
-46.60659498692337
-31.34691920945658
-33.82366262510872
-51.10040596902033
-32.53938105640626
-36.42128524441753
-40.86217953747092
-43.028249272024794
-47.21964341350719
-43.46553963772091
-46.167261198189536
-33.31955498990471
-42.592902759840136
-46.638241123417224
-41.0550541143584
-38.2458393224218
-35.57873139504169
-29.97639924252684
-33.87215231241597
-31.427348708923578
-36.672786302801825
-34.620370066140666
-28.59739912624579
-38.59761283887179
-28.782661550786987
-34.10563436061112
-32.8872209737305
-38.97883156378522
-36.76066682355576
-31.773602438313716
-31.71552319577963
-43.67404564390028
-51.173997823875574
-46.213528461279175
-32.83640275565096
-45.415120076153805
-46.404716565500514
-34.44672397281084
-34.13444005291196
-39.22857321478573
-48.84815423559618
-45.36016756629002
-44.70327261514027
-38.40658799259822
-29.071454828388944
-34.012374428710665
-56.145506717885254
-36.05982115469139
-39.14578839969644
-21.805990700715565
-39.58934371314507
-21.111400379071082
-50.604310404039424
-30.704157373666295
-40.587490396512365
-34.686068435219966
-37.97713447575045
-27.92381742100953
-37.161067677209715
-39.58889180940336
-40.056763491535605
-21.61441622297952
-28.99594445615985
-28.316360478253934
-41.424135985154805
-38.1227247859626
-46.006773611971816
-49.30588529330121
-50.048742291672
-35.61159460660261
