-31.499326102636772
-34.08726599959713
-38.18149607796334
-44.05726870837252
-47.78051137022976
-41.318529454226
-46.274115226639616
-37.92158232250962
-39.0848852122886
-40.36828150043525
-51.3778706194225
-35.37083304014649
-33.37858947549246
-24.803836088910202
-30.539462460840873
-25.211741367733516
-42.4460563232381
-41.17052019194718
-42.82153992042682
-24.07116593642561
-38.857569724993034
-36.07525237898859
-21.348538690596815
-42.24862150712757
-25.530508593377938
-38.46361561759253
-39.435218623197926
-25.74825843240183
-45.78191556538249
-53.66800669041163
-33.849925675511386
-36.7803877913075
-28.59894118004544
-40.838912811380304
-30.75788572959793
-29.18694535117798
-35.13815460026347
-27.387808248965342
-35.284167468894076
-42.45745643164436
-43.237801998792314
-55.214616059927856
-43.24023511477762
-43.89145439267857
-32.9051708361463
-55.29868814146215
-33.18498987178608
-43.747564001864305
-30.22242285661875
-35.74417350342299
-36.88190550260244
-41.47199920356591
-40.278499723438436
-41.08901224643844
-38.26468623473113
-41.786910565197026
-42.03492423294664
-44.42913464349047
-43.49431082222483
-57.41141513621949
-47.37135297652595
-31.94837854554742
-36.675594473111275
-44.13826787202937
-39.47037334109418
-29.000062666471976
-37.994925750911044
-27.69522478941039
-41.6743002165524
-52.60769332615112
-39.85699058490384
-31.150756950314584
-37.421201980614285
-29.66985161742408
-40.05405459885026
-28.724779316628663
-42.09489218491029
-31.759116635076904
-40.480535541833305
-35.388145195153214
-39.64953612217407
-39.72741377938668
-32.05625952737085
-28.083222726476755
-30.706522331984004
-28.921030756790437
-38.61577380078147
-31.71480426478209
-53.549269503572795
-27.251560452326576
-29.24003406904173
-39.165264553211806
-36.00600087085811
-49.909020746138204
-38.40484047565676
-24.063939533513356
-34.54874911706316
-36.88928409532611
-44.478093372774644
-53.945797708696446
-42.24748873771094
