1.6009418964385986 13.011297131179289
1.7340725660324097 12.18021389874482
1.8232420682907104 11.7276994077354
1.8923048973083496 11.402531795736559
1.9512243270874023 11.0223931929421
1.9979161024093628 10.936337170651974
2.0395326614379883 10.673202754064082
2.0929384231567383 10.499447909626596
2.143106460571289 10.127172535289747
2.210584878921509 9.840191652994651
2.2796638011932373 9.394732997474042
2.349236249923706 8.983965579402748
2.40901255607605 8.500798352331227
2.463163137435913 8.249209554862185
2.5153377056121826 8.201944478972656
2.5778605937957764 8.13289368860293
2.66980242729187 7.91034039450027
2.76515793800354 7.07613523968171
2.8441224098205566 6.268533203310658
2.8956398963928223 5.858100774271186
2.936452865600586 5.453040092837319
2.9734723567962646 5.039938890803064
3.010376214981079 4.633508224754183
3.0461618900299072 4.412311599166109
3.0793001651763916 4.323036388142659
3.10785174369812 4.242637069432356
3.1310596466064453 4.163362020263803
3.154575824737549 3.961538911038716
3.1842589378356934 3.642374295306124
3.21793270111084 3.466102223421385
3.2510268688201904 3.3518785282825334
3.278305768966675 3.3209922866411534
3.3036699295043945 3.187891642353771
3.332925796508789 3.012634530643265
3.367724895477295 2.8792275979751314
3.4100582599639893 2.7401704132799636
3.4557721614837646 2.6306855018539594
3.5017433166503906 2.5286317271574847
3.5415618419647217 2.5283618692624974
3.579742431640625 2.5740125549105817
3.61470627784729 2.576099083860716
3.64528751373291 2.6093812392590388
3.6764400005340576 2.616405604637192
3.7071216106414795 2.5800947734601425
3.7432405948638916 2.4533110505053854
3.7813446521759033 2.316615664787295
3.8282532691955566 2.1742846411647276
3.8826255798339844 2.0395281765383473
3.934638738632202 1.9917433998562029
3.9775354862213135 1.884516466307531
4.015075206756592 1.7643122815805705
4.052950859069824 1.6266706160114397
4.0937700271606445 1.593961518903732
4.131954669952393 1.706584354593222
4.167117118835449 1.8050711915073159
4.1973876953125 1.9700178375577597
4.221745491027832 2.086516209541059
4.245388984680176 2.0620746688809377
4.268737316131592 2.050397915474725
4.293777942657471 2.0277772438594925
4.318599224090576 2.0530790091009066
4.342198848724365 2.058325669393924
4.3690900802612305 2.0138701900576015
4.402577877044678 2.030711101821414
4.43856143951416 2.108114528294738
4.4737653732299805 2.3820813306949664
4.503363609313965 2.602420456661021
4.531435012817383 2.9084917701308695
4.558050155639648 3.0808509734943383
4.583430767059326 3.2861493911040274
4.610647678375244 3.4253410795109858
4.64415168762207 3.457918789285851
4.685894012451172 3.7178181992065436
4.729262828826904 4.125158950139467
4.772140979766846 4.313723724273216
4.827856540679932 4.686062301792141
4.885640621185303 4.947077019419042
4.948363780975342 5.325047123908246
5.008617401123047 5.596623897374264
5.057534694671631 5.889195876382167
5.101039886474609 6.058097302264748
5.139397144317627 6.375296605653616
5.175832748413086 6.629584328522944
5.214323043823242 6.886242872125249
5.257017612457275 7.237921954305523
5.309701442718506 7.5038994534619015
5.372581958770752 7.891957722577193
5.427338123321533 8.164599202406777
5.473360538482666 8.286036378240373
5.521223545074463 8.491689167177098
5.57303524017334 8.653429373086967
5.628479957580566 8.947654603623928
5.677673816680908 9.24618961310598
5.7193169593811035 9.55842168206644
5.756134986877441 9.967597870247337
5.784214496612549 10.031357107664363
5.817954063415527 10.161200474114475
5.86441707611084 10.364370543074667
5.9262518882751465 10.567857260512845
5.994584560394287 10.845021371586714
6.073596954345703 11.14758146388561
6.153267860412598 11.691870913416713
6.216563701629639 11.826337158277193
6.278623580932617 11.96214000418017
6.34027099609375 12.174579950467558
6.394358158111572 12.301486434493981
6.455470085144043 12.387199860156807
6.507074356079102 12.662214452848977
6.559054374694824 12.662023347403268
6.618873596191406 12.569410945957953
6.681757926940918 12.647040090216558
6.7408318519592285 12.720304310010633
6.798766136169434 12.931101671063555
6.859917163848877 12.889293925388305
6.923440933227539 12.883326555080355
6.987055778503418 12.906150077195967
7.0466413497924805 12.957542186815115
7.101919651031494 13.008514669038561
7.1517815589904785 13.022911585026627
7.196080207824707 13.021539788805217
7.2429962158203125 12.926558256122284
7.303575038909912 12.826832262708548
7.376977920532227 12.796945711876544
7.4470720291137695 12.847892877696465
7.506208419799805 12.91707482950876
7.552597999572754 13.038059654019499
7.596740245819092 13.036598125422302
7.645544528961182 12.952704179619476
7.692931652069092 12.967416940493463
7.73883581161499 12.93831248657443
7.784670829772949 12.966962978212806
7.8266921043396 13.009378150089825
7.863874912261963 13.130067868636944
7.897067070007324 13.199533054864524
7.930769443511963 13.139814846341908
7.975091934204102 13.043558680020771
8.020330429077148 12.969634394876723
8.060518264770508 13.09266884134726
8.096458435058594 13.069684262312546
8.139690399169922 13.021184527198093
8.190190315246582 12.942552639370827
8.237096786499023 13.025598015102045
8.275931358337402 13.209144885475041
8.307509422302246 13.331445740994461
8.334752082824707 13.29157025198085
8.361889839172363 13.375346767121593
8.38670539855957 13.302596126006991
8.416486740112305 13.130726165791216
8.456912994384766 12.990767929663782
8.499711036682129 13.03290785628608
8.549989700317383 12.969964987911807
8.596868515014648 12.970280560672196
8.641300201416016 12.989923952585398
8.683643341064453 12.950743898613949
8.730025291442871 12.835983438307892
8.777814865112305 12.854541383624515
8.824774742126465 12.928756726361978
8.873185157775879 12.901352461983162
8.922014236450195 13.005549887252188
8.966018676757812 12.944931420383165
9.0112886428833 12.816181137155997
9.055963516235352 12.831117548528564
9.098530769348145 12.837676335295358
9.142779350280762 12.8198542511725
9.183978080749512 12.81970691029033
9.229241371154785 12.77969924126088
9.270098686218262 12.86935474087613
9.309293746948242 12.790811807450789
9.349977493286133 12.737351237995698
9.393741607666016 12.642680531267441
9.44279956817627 12.524989378898296
9.50350284576416 12.466668077162025
9.559608459472656 12.519014568797953
9.608926773071289 12.530521137481022
9.655876159667969 12.509074190943545
9.704108238220215 12.471642223068287
9.752556800842285 12.427547594699718
9.796614646911621 12.4063916582229
9.844656944274902 12.29985084978225
9.902381896972656 12.190844136922586
9.97319507598877 12.081634550986035
10.03870964050293 12.104380683906609
10.091777801513672 12.170338389704904
10.133794784545898 12.209121643709965
10.178385734558105 12.160856284907528
10.229830741882324 11.917210794513473
10.288630485534668 11.806272467092464
10.353104591369629 11.696977636894358
