1.7035369873046875 8.904616588378087
1.7784881591796875 8.417522390276112
1.8799817562103271 8.1189988794809
1.9653362035751343 7.4958508415567975
2.0294687747955322 6.949910372747388
2.080772876739502 6.516682431870847
2.1242494583129883 6.314567107669323
2.161935567855835 6.105194435561759
2.193241834640503 5.849156566693261
2.226182699203491 5.541153385391217
2.2619080543518066 5.354661531922417
2.3004744052886963 5.268980126986556
2.336334466934204 5.281238621301485
2.367403268814087 5.255259162231424
2.399146318435669 5.145922101027489
2.4318015575408936 4.9797251660680475
2.466278553009033 4.884546169078287
2.4983675479888916 4.79382770208312
2.530339241027832 4.641509182236846
2.5628349781036377 4.4322150274821475
2.595961570739746 4.349562228219758
2.628295421600342 4.363273358963772
2.659698009490967 4.356452931693535
2.6941285133361816 4.210333555963713
2.724705219268799 4.113677739928958
2.7571260929107666 3.996299535386173
2.791435480117798 3.7565191221012872
2.8257665634155273 3.561035448438997
2.8607065677642822 3.5107949597499317
2.8899965286254883 3.485388799456252
2.9174890518188477 3.5084513795562557
2.9463276863098145 3.498389156568154
2.983447790145874 3.378516637627069
3.028926134109497 3.3561725527148853
3.0740842819213867 3.266005171888759
3.1152424812316895 3.2242499820399924
3.1491611003875732 3.3879347907454425
3.180208683013916 3.34124642867253
3.2228550910949707 3.243272967727834
3.2884316444396973 3.015555181910138
3.3671157360076904 2.72598132931398
3.440173625946045 2.4735058603580677
3.5010318756103516 2.4420634875318408
3.547147512435913 2.4245060490501715
3.5822243690490723 2.5891270420380694
3.609046459197998 2.6363763858827762
3.6331727504730225 2.6383744838800105
3.656790256500244 2.5688658458760014
3.6826770305633545 2.515418543765875
3.710885763168335 2.350034015375826
3.7466161251068115 2.190889761336215
3.7871720790863037 2.1085065378061927
3.8251030445098877 2.027720086200913
3.860971450805664 2.002689880708468
3.89445424079895 1.995020468850901
3.9275293350219727 2.0304230334465583
3.957791805267334 2.0379256687143865
3.9898321628570557 2.0567291673474797
4.024648189544678 1.9845359269059886
4.068120956420898 1.9694883467242834
4.117392539978027 1.9173247710781691
4.17305326461792 1.958811830024772
4.232077598571777 2.0355219740843635
4.292126178741455 2.0489705028579186
4.348416805267334 2.062775739829864
4.3993754386901855 2.166773917969645
4.44028902053833 2.3039414196570496
4.4705891609191895 2.3862457800835646
4.496478080749512 2.378785494454057
4.524712562561035 2.3288113858502846
4.558319568634033 2.225281926441477
4.595826148986816 2.257999506166533
4.631026268005371 2.3691619556086314
4.663498401641846 2.509132758000562
4.695873737335205 2.4747951613490735
4.727136611938477 2.5734468917998816
4.755659103393555 2.65950430073937
4.7798051834106445 2.8051359369387034
4.805111885070801 2.7755492731170013
4.830778121948242 2.832277861299587
4.857239246368408 2.909116683366531
4.883080005645752 2.9676146229142373
4.9110107421875 3.023357332475345
4.940251350402832 3.148844458878835
4.970343589782715 3.2213216789617882
4.998771667480469 3.392047009018398
5.025325775146484 3.58315672605393
5.054685592651367 3.641984304960946
5.087441444396973 3.7739967517896966
5.118004322052002 3.912502869380153
5.148756980895996 4.173560504529972
5.176513195037842 4.327998873241323
5.2042975425720215 4.474744982991652
5.2405104637146 4.554632727784783
5.284037113189697 4.708210572012212
5.337986469268799 4.926722686783642
5.39454460144043 5.264521063847991
5.4476118087768555 5.532917477126717
5.498671054840088 5.969230370868149
5.5478057861328125 6.20152311877952
5.599998950958252 6.546608539885352
5.649141311645508 6.814918394086988
5.69805383682251 7.02928322328416
5.745357036590576 7.368017272612366
5.793148994445801 7.588493156669507
5.846024513244629 7.993898943249428
5.896495819091797 8.23876821096464
5.945202827453613 8.605320691953121
5.996667385101318 8.873358439803194
6.05662202835083 8.99376309024183
6.119516849517822 9.303052466273327
6.181386947631836 9.612612331393054
6.23478364944458 9.941277468612942
6.288336277008057 10.092630939587455
6.343733787536621 10.296669966677038
6.391530513763428 10.576990701457326
6.435452461242676 10.752854484383892
6.479367256164551 10.951142685265523
6.527259826660156 11.114211031632165
6.5745463371276855 11.37914192651867
6.617606163024902 11.652366675784261
6.659304141998291 11.814744080864767
6.710142612457275 11.962524446913662
6.7693891525268555 12.215336444973511
6.840686798095703 12.499530953170117
6.911212921142578 12.861262094302214
6.988908767700195 13.190702054694372
7.061150550842285 13.448189581098402
7.123963832855225 13.61420730858265
7.192316055297852 13.608373796244988
7.2730913162231445 13.63310605787509
7.352288246154785 13.850261854723682
7.420559883117676 13.935089925615106
7.481473445892334 14.054432480124383
7.536679744720459 14.038717151153035
7.5928473472595215 14.137006481148957
7.655694007873535 14.005879623808548
7.72047758102417 14.033938589740966
7.783725261688232 14.071845198825486
7.84312629699707 14.225210645876864
7.9021687507629395 14.202893430051548
7.956902503967285 14.247585143515531
8.014385223388672 14.261618013378504
8.072676658630371 14.311326850533257
8.124495506286621 14.395339281026368
8.173346519470215 14.373328749161335
8.226339340209961 14.38955817768179
8.278663635253906 14.432077895506985
8.326655387878418 14.518479954722677
8.36525821685791 14.635474813391715
8.397383689880371 14.7967470776662
8.430914878845215 14.66967931676327
8.467352867126465 14.725189410724655
8.505521774291992 14.6911862244016
8.546597480773926 14.622950498797445
8.587067604064941 14.640767211063814
8.626139640808105 14.655785213826666
8.664848327636719 14.714199275971524
8.704809188842773 14.737832534916754
8.747203826904297 14.635323547225024
8.789578437805176 14.709581394411446
8.83021354675293 14.699980556501357
8.872417449951172 14.716784006241335
8.918903350830078 14.623418681554854
8.968080520629883 14.656942612694852
9.013738632202148 14.623562416513119
9.058660507202148 14.627634812275152
9.104504585266113 14.623394777127068
9.15743350982666 14.575290632305787
9.209345817565918 14.58259261760457
9.258529663085938 14.621717057445652
9.30937385559082 14.562727519116661
9.369495391845703 14.51655155532239
9.426161766052246 14.490810239101021
9.481584548950195 14.502573712486932
9.536534309387207 14.474253768506568
9.593729019165039 14.39989358603057
9.656871795654297 14.352057825837644
9.717883110046387 14.331056512972907
9.77194881439209 14.318376876272847
9.827953338623047 14.230460588410816
9.889429092407227 14.119264643383708
9.958849906921387 14.032168741936355
10.03234577178955 13.9053585886784
10.101269721984863 13.920221379314587
10.16929817199707 13.753375082766798
10.24581527709961 13.58671512058242
10.327021598815918 13.501403131414927
