1.4392852783203125 13.784838746218353
1.5698384046554565 12.71363768471804
1.6653351783752441 12.18697566672471
1.7417114973068237 11.86530508875661
1.8167282342910767 11.35473281532353
1.8940054178237915 10.95138651806338
1.971178412437439 10.764559573836346
2.032775402069092 10.58483635129907
2.0925452709198 10.352910911262635
2.1682333946228027 9.972242075543203
2.2543437480926514 9.572357474703146
2.3343358039855957 9.089803583850903
2.399972438812256 8.581896233034746
2.4564173221588135 8.215785693845522
2.5174803733825684 8.022899836201313
2.5983753204345703 8.023880315871482
2.726357936859131 7.5013289328238795
2.81182861328125 6.636138567735228
2.87439227104187 5.991196129919681
2.9250245094299316 5.497108951808735
2.965252161026001 5.1693942446599
2.9945478439331055 4.921816123706119
3.02439022064209 4.601968437322511
3.054306983947754 4.426525703433041
3.083184242248535 4.275777202534325
3.108118772506714 4.241411782284838
3.1267406940460205 4.20789735772263
3.14687442779541 4.015852798187177
3.1736466884613037 3.7966632115706607
3.2046914100646973 3.6046315839931005
3.234372854232788 3.4466316395385688
3.2604596614837646 3.3621719919796447
3.287081003189087 3.232495164864179
3.314431667327881 3.134544808382199
3.3422229290008545 3.0420460764988686
3.370043992996216 2.9634086502524113
3.3982598781585693 2.9791368709099184
3.4265754222869873 2.92896669116879
3.454725503921509 2.8645599982255354
3.485656976699829 2.740530415039636
3.5222983360290527 2.613981044703728
3.5664432048797607 2.470774020092617
3.6148488521575928 2.531894653810443
3.6586191654205322 2.572669145125882
3.6950318813323975 2.5975984715954548
3.7285315990448 2.544059747475713
3.7626030445098877 2.495949015689034
3.7944107055664062 2.582618275524458
3.8195040225982666 2.5909123472147506
3.8432767391204834 2.48954265894196
3.8753905296325684 2.2153888479940878
3.917752981185913 1.980085557782556
3.9603958129882812 1.8023763021193173
3.9937405586242676 1.7444372209365162
4.022576808929443 1.6763103011586133
4.0494065284729 1.577048914999953
4.078403472900391 1.5218513147408574
4.110854148864746 1.4966117908217589
4.1451735496521 1.5883243964157505
4.177248954772949 1.8273287374435936
4.204599857330322 2.009867500735903
4.229134559631348 2.099025677607395
4.254751682281494 2.1688418831599665
4.282743453979492 2.2634941141291196
4.308122158050537 2.380747731335102
4.3297648429870605 2.462334542257942
4.35178804397583 2.4513023023652596
4.379188060760498 2.473952121664882
4.410469055175781 2.550863936142522
4.440878868103027 2.83028616041096
4.466220855712891 3.026860899044436
4.490886211395264 3.2547853040773282
4.516963005065918 3.4196729105056534
4.545612335205078 3.6121794712776065
4.578627109527588 3.841607948027529
4.61812686920166 4.149198041415118
4.659116744995117 4.731816810072142
4.6998677253723145 5.163182467461678
4.7424702644348145 5.656921872677066
4.781715393066406 5.91924059870173
4.825170040130615 5.908989912342154
4.874967098236084 5.956700978269092
4.926713943481445 6.066385784976712
4.978769779205322 6.3251927562593915
5.024021148681641 6.640593589321127
5.063351631164551 6.947614702646145
5.095195770263672 7.200967128253104
5.126778602600098 7.364631148779054
5.162937164306641 7.6071868345096245
5.200115203857422 7.921860196089785
5.2385993003845215 8.203259640098688
5.275145053863525 8.438222878718976
5.315112113952637 8.623709854376218
5.354487895965576 8.842913329595767
5.396786212921143 9.015575701417571
5.4401936531066895 9.242677211625908
5.481532573699951 9.464509885756483
5.527912616729736 9.725602516768294
5.574178218841553 10.021651697566515
5.617371559143066 10.322461755775615
5.655165672302246 10.690133881754907
5.6934099197387695 10.95557518181812
5.733249664306641 11.23244245128681
5.780667304992676 11.433095216689201
5.8404693603515625 11.901367909668172
5.902451515197754 12.31682700463134
5.963095188140869 12.733638820449645
6.031501293182373 12.985458770006531
6.116174697875977 13.350479528595047
6.202303886413574 13.81269877033636
6.282042980194092 14.258738746600882
6.361110687255859 14.667338445418569
6.443403244018555 15.274910555611497
6.523736000061035 15.814104784640602
6.6146559715271 15.975184545583694
6.707611560821533 15.933139764824924
6.782708168029785 15.965131298505097
6.835178852081299 16.046523032431814
6.884842872619629 16.137428347010506
6.927974224090576 16.33642929472629
6.971750259399414 16.694986363577275
7.01046895980835 16.97611569826929
7.042943000793457 17.056553426866373
7.078010559082031 17.112403107877295
7.115790367126465 17.118357958208463
7.153491020202637 17.16583505175967
7.199423789978027 17.14444301336543
7.258380889892578 17.067940105423286
7.323390007019043 17.133752979375316
7.377297878265381 17.29878987130961
7.424087047576904 17.337700309029664
7.468786716461182 17.415546474547895
7.519885540008545 17.42996207310273
7.5727434158325195 17.33783684006497
7.633645534515381 17.388520083952585
7.689767837524414 17.38784505374863
7.7470245361328125 17.451175058500933
7.808536529541016 17.44245575900551
7.870075225830078 17.517850541112622
7.926865577697754 17.594000265829703
7.984726905822754 17.602255734423903
8.044020652770996 17.602599352925942
8.103541374206543 17.60997529519651
8.159505844116211 17.69631923412334
8.214229583740234 17.765853368536085
8.260664939880371 17.81803405526174
8.310419082641602 17.732676283154245
8.36807918548584 17.75308228993428
8.428683280944824 17.62677835735082
8.490571022033691 17.77552881466362
8.540865898132324 17.845493888362967
8.5852689743042 17.881891379007214
8.630525588989258 17.896715501254977
8.675925254821777 17.902994427974896
8.72131633758545 17.85946142390588
8.761723518371582 17.983891618500248
8.798998832702637 18.127281158266154
8.83299446105957 18.101594679551273
8.863715171813965 18.113235276112547
8.895039558410645 17.89808330535356
8.943107604980469 17.771752401521045
9.001653671264648 17.681370504585594
9.056625366210938 17.72421476339377
9.10464859008789 17.7457664396379
9.154374122619629 17.607480893746807
9.212288856506348 17.620492091367655
9.264029502868652 17.61590721421869
9.303169250488281 17.704691056201263
9.340484619140625 17.64571077609491
9.385235786437988 17.491066420058768
9.439054489135742 17.408766927523
9.500144958496094 17.389321063059697
9.552562713623047 17.482565659710392
9.59280014038086 17.53507445607786
9.62852668762207 17.53142911009361
9.667129516601562 17.442895926468733
9.71030330657959 17.31532624670414
9.75906753540039 17.318384304854803
9.809073448181152 17.424682280117118
9.848427772521973 17.440062777253715
9.881842613220215 17.32823369338882
9.92374324798584 17.174357125179487
9.976239204406738 16.99461514696836
10.040453910827637 16.88067661591131
10.103103637695312 16.801455007663183
10.164177894592285 16.67868962452924
10.22768497467041 16.5947541148355
10.297221183776855 16.53279582069708
