0.8263120651245117 6.557139611852389
0.9633615016937256 6.076956381187006
1.086305022239685 5.785181393543875
1.1888320446014404 5.457425127828269
1.2752572298049927 5.474261210009109
1.3565236330032349 5.366983841278484
1.424930453300476 5.277578035595892
1.4847170114517212 5.160429124583535
1.5448046922683716 4.849020586638221
1.6083147525787354 4.551537965547257
1.6694380044937134 4.238167975082315
1.727944016456604 3.9920309822637647
1.7774080038070679 3.8850118862103185
1.8207972049713135 3.8213812714067696
1.857559084892273 3.732762583858686
1.8932385444641113 3.615391642482733
1.9290629625320435 3.4728078796416897
1.968448281288147 3.367421927816779
2.007155179977417 3.221113239439826
2.045551061630249 3.12418636505513
2.0824708938598633 3.0070829990980017
2.1206843852996826 2.8081514143881128
2.156907081604004 2.6983650140609106
2.192138671875 2.6766759977636476
2.225463628768921 2.6639396348913
2.2593483924865723 2.756639314075491
2.2933850288391113 2.8173310686414093
2.3334524631500244 2.8010189453077574
2.3729236125946045 2.7735455898866097
2.4167282581329346 2.6715416793711304
2.464017629623413 2.4775322780476556
2.5108675956726074 2.249825471364164
2.5537734031677246 2.0872698283232545
2.593909978866577 1.9089296988870026
2.6319048404693604 1.7571266760570132
2.6676788330078125 1.6897323830116435
2.7031257152557373 1.6740441981773901
2.7355332374572754 1.7699099173432473
2.767364740371704 1.835530178834341
2.8018276691436768 1.8761029391284028
2.841388463973999 2.078715404048058
2.88303804397583 2.1455208429406785
2.925847053527832 2.2211611434138074
2.967303991317749 2.182362573328111
3.010422468185425 2.2139897631796384
3.048564910888672 2.255343627535769
3.0824403762817383 2.160378006604762
3.1130433082580566 2.203507738950185
3.1411874294281006 2.118272556397043
3.1708667278289795 2.0562652131757475
3.20200777053833 2.03659298015313
3.2339882850646973 2.0458761070777416
3.2679505348205566 2.1166776492540356
3.3032705783843994 2.270038173114536
3.3431239128112793 2.425945778499146
3.3898732662200928 2.642035976694416
3.4464004039764404 2.9377983599620157
3.5171642303466797 3.1464131010796326
3.5925323963165283 3.2651222310574863
3.65659761428833 3.2742348882861854
3.7047550678253174 3.2537817883757265
3.745333433151245 3.3036152408920874
3.7832417488098145 3.3698199415250096
3.8206663131713867 3.4916291877096155
3.8574631214141846 3.704481212663258
3.8899519443511963 3.8961557433232126
3.9203827381134033 4.083039297492951
3.9483935832977295 4.282011940979273
3.9776077270507812 4.407050736650634
4.010985851287842 4.52285477487371
4.0486979484558105 4.72781556714708
4.087798595428467 4.9386774133940285
4.1265549659729 5.0995947670891475
4.160759925842285 5.290625621935746
4.192401885986328 5.41678045412283
4.2215094566345215 5.601948554160384
4.251858234405518 5.755855108453877
4.283221244812012 5.958168271673745
4.315197467803955 6.241464752560833
4.346035957336426 6.510329916571294
4.381168842315674 6.880881917709746
4.418647766113281 7.232850368031005
4.456850528717041 7.631979071886697
4.499220848083496 7.971655981794495
4.546126842498779 8.349902553403858
4.594022274017334 8.610452428254604
4.64554500579834 8.92718382023616
4.704858303070068 9.442583248512287
4.7672295570373535 9.879868582634264
4.824529647827148 10.104855263156123
4.876739978790283 10.203280045684865
4.931315898895264 10.451370653414855
4.97955322265625 10.713706684333223
5.024053573608398 10.986699751921408
5.066135406494141 11.25255018076226
5.1083173751831055 11.428571719318196
5.15351676940918 11.717740799155735
5.198365211486816 12.030235978788518
5.244373798370361 12.392747962418984
5.290245056152344 12.833055623843705
5.340172290802002 13.309200605228206
5.394190311431885 13.827135880249523
5.4528703689575195 14.380240704675137
5.516744613647461 14.884579823076942
5.5736870765686035 15.313275463139027
5.629349708557129 15.670588015163585
5.6825947761535645 15.883774527309885
5.749513626098633 16.443724008433115
5.818033218383789 16.76483930504632
5.882030010223389 17.08030598483963
5.93428373336792 17.39645184306438
5.985139846801758 17.931281564148463
6.056953430175781 18.667783141156875
6.150332927703857 19.07064362328826
6.232539653778076 19.460789057416328
6.328948974609375 19.89437934033942
6.418339252471924 20.523042674892277
6.503662109375 20.982633691629616
6.602709770202637 21.279789028823277
6.691978931427002 21.375688606831044
6.76978874206543 21.46458007848348
6.841801166534424 21.61168948055615
6.903863906860352 21.796365984735754
6.9591593742370605 21.993436521677424
7.012561798095703 22.2339776676485
7.0604143142700195 22.357841382418247
7.115100383758545 22.562527408788426
7.172616481781006 22.66692940102027
7.233455181121826 22.912900154600127
7.2997541427612305 23.035496576742215
7.360544204711914 23.26493491317672
7.413898468017578 23.302106328828668
7.4704976081848145 23.39082608818606
7.532097339630127 23.398735130319736
7.594764709472656 23.42008443653486
7.658663749694824 23.556266246797218
7.7192912101745605 23.669147291941172
7.770444393157959 23.760350063901846
7.818375110626221 23.81232773608613
7.862244606018066 23.797772346973122
7.909367561340332 23.908640921245667
7.950186729431152 23.939908545453832
7.9976115226745605 23.94836889555291
8.043801307678223 24.040645677330705
8.089245796203613 24.07530758897027
8.1372709274292 24.07450865726504
8.186185836791992 24.042896338428136
8.237085342407227 24.027954367720092
8.29507064819336 24.076413157117663
8.355598449707031 24.031520462090356
8.416829109191895 24.115635430586693
8.477784156799316 24.171382010518673
8.528634071350098 24.207830164215594
8.5753173828125 24.39660952189465
8.611515998840332 24.485008930045293
8.642410278320312 24.51907749688979
8.680693626403809 24.356048315835004
8.724132537841797 24.334484700072238
8.769219398498535 24.38990721746686
8.814676284790039 24.34300529875228
8.859679222106934 24.35789936783914
8.908032417297363 24.295599027421517
8.957429885864258 24.277635346163922
9.005701065063477 24.2941681375726
9.055196762084961 24.26580195919957
9.102640151977539 24.316799862592138
9.148676872253418 24.358779729050124
9.191535949707031 24.36010455365016
9.238486289978027 24.32074103803561
9.28528118133545 24.22537915218986
9.33216667175293 24.241455276184073
9.379199028015137 24.156214328998974
9.429434776306152 24.05277302584971
9.484155654907227 24.082477071469622
9.537489891052246 24.064087015616234
9.587340354919434 23.96833919932578
9.640121459960938 24.021695881603595
9.690559387207031 23.968503165303467
9.741079330444336 23.88426165565832
9.793377876281738 23.783418197400223
9.84985065460205 23.712206750531177
9.913593292236328 23.51430900708291
9.976142883300781 23.440297327596497
10.039377212524414 23.345372581352407
10.099433898925781 23.383681030587347
10.15732192993164 23.32421578311015
10.218779563903809 23.134385056103856
10.283234596252441 23.142826040628204
