1.3668798208236694 6.145225492374718
1.4628512859344482 5.531710737719529
1.5218439102172852 5.191179354562691
1.5743621587753296 4.837736644556064
1.6269652843475342 4.543914961371174
1.6793090105056763 4.227944516845786
1.7240784168243408 4.142271027035441
1.7624455690383911 4.0976872293001225
1.79630446434021 3.9539497002900243
1.832991361618042 3.845891153380642
1.8727463483810425 3.7164885782871333
1.9157335758209229 3.6273560346752713
1.958375334739685 3.6436606841018504
2.00205397605896 3.6312491479810762
2.0408434867858887 3.6649906111075317
2.0780227184295654 3.684522941357415
2.1163253784179688 3.6261471243588783
2.1556334495544434 3.6059613543675324
2.20196270942688 3.38401719157127
2.2481470108032227 3.2801744676481883
2.2941222190856934 3.082632575204438
2.3350234031677246 2.9475080746443787
2.373398780822754 2.797065509268622
2.412997007369995 2.6408683111644042
2.450615406036377 2.5604551409895935
2.4859230518341064 2.4829332801923867
2.522749900817871 2.4014525819692167
2.559441089630127 2.408804885122
2.5927679538726807 2.4052825920785414
2.6259140968322754 2.396118542090121
2.6648645401000977 2.3225740058389404
2.7080373764038086 2.250405699453358
2.751183032989502 2.192749531240068
2.7951595783233643 2.080785852872537
2.838693618774414 2.009552157766557
2.8824663162231445 1.963490264025897
2.920926570892334 1.9680564151326079
2.9544622898101807 1.9946541180557622
2.9868741035461426 1.8669562010107135
3.0154495239257812 1.8694224684683112
3.0405197143554688 1.8652661358910763
3.064983606338501 1.8882572387889225
3.0896658897399902 1.840572901342667
3.1175425052642822 1.8477537190297224
3.150057792663574 1.9153949079505073
3.1884145736694336 1.89490303706584
3.22664475440979 1.9555008789981925
3.262308359146118 2.0769128495982385
3.292327880859375 2.275473525549885
3.3162219524383545 2.3994743344690717
3.3406777381896973 2.4016013429042635
3.367845296859741 2.431769113096968
3.397629737854004 2.492794632659778
3.42659854888916 2.5410146758418968
3.4535329341888428 2.5942123291113393
3.4826979637145996 2.6326338774627525
3.5129575729370117 2.673054337402795
3.544980525970459 2.7949011096062963
3.5756447315216064 2.9732083017067445
3.6033456325531006 3.110305553557834
3.632312297821045 3.259967248058754
3.6647307872772217 3.395697121720877
3.70007586479187 3.524751798006933
3.734468936920166 3.7575431015144374
3.766057014465332 3.965460441373915
3.8027162551879883 4.148625082710015
3.846587657928467 4.30230789989694
3.891273021697998 4.544140023202874
3.9323031902313232 4.771475614522424
3.9717016220092773 4.966505170321092
4.012612342834473 5.142735695064608
4.052702903747559 5.262825583586657
4.090090274810791 5.408580185311892
4.120491981506348 5.635133554923981
4.149442672729492 5.761666681535957
4.179725170135498 5.892516421033493
4.213546276092529 6.122927467565449
4.248694896697998 6.4674353507216855
4.282169342041016 6.84674029036421
4.316608905792236 7.082649282565054
4.361122131347656 7.428644563919075
4.4157514572143555 7.7588978310871966
4.473987579345703 8.165356061535332
4.536222457885742 8.56950318578509
4.61388635635376 9.076794430345798
4.706846237182617 9.725579815157124
4.794192314147949 10.155355364334621
4.872998237609863 10.512421022580243
4.936962604522705 10.828472221556225
4.99692964553833 11.142502392024426
5.041264533996582 11.363549649403854
5.081573486328125 11.556578246057036
5.123774528503418 11.667920256657746
5.167202472686768 11.888414658986239
5.210461139678955 12.126029218677367
5.256464004516602 12.340883655605237
5.304805755615234 12.53702060552067
5.35925817489624 12.733034304904207
5.424511432647705 13.22475237372894
5.497732639312744 13.808998489309886
5.565732479095459 14.15739690265317
5.643850326538086 14.46079857258512
5.7284955978393555 14.750448163558303
5.798602104187012 14.816077335707677
5.871020317077637 14.881140496918166
5.954143047332764 14.869643443727062
6.036585807800293 15.022746926373582
6.107052326202393 15.11930706166152
6.191079616546631 15.352176554410004
6.27875280380249 15.51882665639551
6.360309600830078 15.582222350431195
6.439720630645752 15.76155509100511
6.506026268005371 15.766657552494932
6.568832874298096 15.821357689456567
6.629621505737305 15.722026234980207
6.690971374511719 15.810733247372646
6.746476173400879 15.8650106917718
6.800990104675293 15.86025767885049
6.852407455444336 15.872026377437788
6.914370536804199 15.774078107474308
6.968907833099365 15.869275371255195
7.020556449890137 15.841947914805264
7.072938919067383 15.859005275856946
7.122596740722656 15.85265881414752
7.174600601196289 15.786928899325256
7.234006404876709 15.629079020751815
7.297077655792236 15.639852216802343
7.3583550453186035 15.581739860209748
7.418491363525391 15.548474797381877
7.471649169921875 15.56466120808996
7.520747661590576 15.605132525271898
7.573803424835205 15.44016641539704
7.621142864227295 15.471649913316474
7.672326564788818 15.331408509717392
7.72590970993042 15.275968793188957
7.779417514801025 15.25109881671862
7.8306965827941895 15.149520651495314
7.885453701019287 15.13935922735967
7.942049026489258 15.088966568922183
7.993746757507324 15.144641505053116
8.03699016571045 15.17142105905998
8.075190544128418 15.25263074698293
8.114887237548828 15.173095910310424
8.15213680267334 15.139915135009355
8.191130638122559 15.07182079801468
8.232425689697266 14.995645654140157
8.277467727661133 14.991520112064585
8.319464683532715 14.940859624873863
8.360294342041016 15.00955440017926
8.403265953063965 14.873454884158823
8.4474458694458 14.844934767759295
8.492950439453125 14.83797267587258
8.535331726074219 14.880529022642945
8.578349113464355 14.782528522798561
8.624137878417969 14.797799614783072
8.668135643005371 14.779996634094063
8.707357406616211 14.809303861287093
8.747845649719238 14.737912680143193
8.794678688049316 14.68012624679888
8.841493606567383 14.635941962791383
8.891292572021484 14.60600820945803
8.939799308776855 14.601876498117706
8.99018669128418 14.498411083080157
9.036903381347656 14.545029465319013
9.0784912109375 14.476227156202674
9.124515533447266 14.422440162211887
9.16927719116211 14.421242723425038
9.21252155303955 14.457011649798105
9.256172180175781 14.314245200958652
9.304608345031738 14.230873407370897
9.360421180725098 14.086549858258591
9.420201301574707 13.98775622501047
9.480195999145508 13.98362905674884
9.543917655944824 13.87845992513293
9.606328010559082 13.849698051156553
9.662671089172363 13.794649741985529
9.715794563293457 13.830265238812295
9.759876251220703 13.868993936756882
9.802901268005371 13.821054749935735
9.845949172973633 13.751569653151405
9.893925666809082 13.629490720330372
9.941694259643555 13.57980007033966
9.99028491973877 13.533547852482195
10.034526824951172 13.537142154091063
10.076825141906738 13.471666451115725
10.118807792663574 13.33958962239287
10.171767234802246 13.1654352661566
10.227063179016113 13.089026335158655
