0.7200309038162231 8.192306618549331
0.8776786923408508 8.225633270387398
1.0267609357833862 8.541244215853515
1.1750019788742065 8.407445456610708
1.2918826341629028 8.029037967734268
1.3964534997940063 7.9280451739315065
1.4974839687347412 7.832740813425991
1.6135168075561523 7.652181548489105
1.7205431461334229 7.30534083585217
1.804221749305725 6.809810347565628
1.8919661045074463 6.473247092911793
1.9704302549362183 6.088773627856008
2.0399322509765625 5.690592676064928
2.1039469242095947 5.458569154361878
2.162536859512329 5.210071476678646
2.2138984203338623 4.952185803430628
2.2654523849487305 4.740060139498873
2.3191885948181152 4.641027614496092
2.3661022186279297 4.497520944443713
2.4021921157836914 4.411821033513957
2.444190263748169 4.08182556567716
2.489548921585083 3.8786204187712343
2.529987335205078 3.7466307703572044
2.5654234886169434 3.666973462828204
2.5957019329071045 3.553272480891419
2.625011444091797 3.3373048461033332
2.6579229831695557 3.1194848585320534
2.6940107345581055 2.9281654537998616
2.7287120819091797 2.8321463873408423
2.759799003601074 2.721983104166726
2.7923803329467773 2.5645298044726053
2.8320395946502686 2.4203029846461717
2.874354124069214 2.2315521831797676
2.9185168743133545 2.0474502938791934
2.96183705329895 1.9355560447185038
3.0025649070739746 1.9028413984443053
3.039652109146118 1.9166492914339792
3.0757999420166016 1.9274575467338029
3.115774154663086 1.8514637236225717
3.1594643592834473 1.8742699709452704
3.1994802951812744 1.910247969586568
3.236010789871216 1.9445559590257484
3.2727484703063965 1.8670922180874991
3.3077170848846436 1.856321363250674
3.3358917236328125 1.8897801323510202
3.3646836280822754 1.9149910564182515
3.3937299251556396 1.8675245013709938
3.425482749938965 1.9469516424302142
3.457547187805176 2.010952813039649
3.4886765480041504 2.068042642120915
3.51729416847229 2.1701221586583674
3.548907518386841 2.2222909345006574
3.5826663970947266 2.2029060699237086
3.621490478515625 2.2400457881040734
3.6595101356506348 2.3129382498779107
3.702793836593628 2.31307600773433
3.754586935043335 2.392989615495725
3.81077241897583 2.542794341066574
3.862053155899048 2.834935339931039
3.9058151245117188 2.970384094324032
3.947709798812866 3.060060120256273
3.9896633625030518 3.1350754573790973
4.030211448669434 3.2433751071257717
4.075545310974121 3.307823911166488
4.115506172180176 3.4687379448198974
4.150216102600098 3.5761562099990294
4.183626174926758 3.6356269668675116
4.217687606811523 3.782768709262567
4.249651908874512 3.933760798881189
4.27788782119751 4.06432241159726
4.3065924644470215 4.122625075813236
4.337569713592529 4.19241764423381
4.369888782501221 4.37062543086279
4.40675687789917 4.398096964018707
4.447080612182617 4.63417777130004
4.484306335449219 4.872854259657138
4.517812252044678 5.077767218639167
4.551599025726318 5.303516273804699
4.584506511688232 5.579699798970724
4.6158318519592285 5.770015909325401
4.651273727416992 5.860568056871432
4.696042537689209 6.121322178338772
4.74918270111084 6.512306260043341
4.79986572265625 6.827973278204624
4.850800514221191 7.133189809103186
4.916180610656738 7.3982860136721165
4.994295597076416 7.868560035342116
5.071817874908447 8.362909212283887
5.138128757476807 8.81445017515946
5.204201698303223 9.262199793844331
5.271440505981445 9.49108320473175
5.344154357910156 9.746586017850904
5.406073093414307 10.188147107899104
5.454359531402588 10.456702121739642
5.500495433807373 10.581289576437845
5.5594000816345215 10.774705202005249
5.619056701660156 11.00487023615278
5.678648948669434 11.108544831668734
5.744766712188721 11.253651267963926
5.814072608947754 11.476841318353328
5.874185562133789 11.700753954042886
5.927249431610107 11.854988368735716
5.978840351104736 12.058850606745636
6.033289432525635 12.13023299041244
6.096674919128418 12.321612963983936
6.156205654144287 12.418179652139585
6.217533588409424 12.523602152158396
6.281962871551514 12.66355319830953
6.348818778991699 12.819339530458004
6.411109447479248 12.901193092013022
6.473031520843506 12.997283441691796
6.524478912353516 13.272182038241642
6.569051265716553 13.3046540702978
6.610983848571777 13.3666542163144
6.662238121032715 13.360866542885585
6.715792179107666 13.436135783402412
6.768057823181152 13.448864772918677
6.816418647766113 13.560217113241551
6.864566802978516 13.535740237821086
6.914479732513428 13.653202874372635
6.9603118896484375 13.692332257484082
7.0052995681762695 13.618251318372922
7.063339710235596 13.516597227944644
7.127402305603027 13.509918249448608
7.190139293670654 13.609962617434448
7.2435832023620605 13.672565155626234
7.29110050201416 13.663736893912471
7.339360237121582 13.720350543550529
7.385202407836914 13.690048705543902
7.436877727508545 13.61306266057413
7.490566253662109 13.570456582211534
7.546328067779541 13.535282895964498
7.597944736480713 13.62037361421413
7.6415791511535645 13.683786050203503
7.68363094329834 13.683329629247961
7.7264814376831055 13.63581618354479
7.76922082901001 13.644491607099582
7.81207799911499 13.710041646703818
7.854259014129639 13.71550793454346
7.894562244415283 13.682345195345807
7.934426307678223 13.720738117576698
7.9753804206848145 13.656461427114802
8.020013809204102 13.590209516280018
8.06676959991455 13.570086075646026
8.119755744934082 13.575762622834734
8.174489974975586 13.521428547839328
8.225775718688965 13.585529733397038
8.271136283874512 13.693062817031867
8.313196182250977 13.72118666779373
8.352280616760254 13.775922887940641
8.387614250183105 13.79324298101546
8.424360275268555 13.718766108784536
8.465203285217285 13.679563977081095
8.512035369873047 13.709446553477433
8.560517311096191 13.593461033924585
8.60971450805664 13.683520141304879
8.655122756958008 13.675047466730867
8.697356224060059 13.677466678287104
8.740306854248047 13.593044826839616
8.788822174072266 13.580256169530035
8.842474937438965 13.573111106056595
8.891767501831055 13.663731836735877
8.932154655456543 13.690325549085937
8.97044849395752 13.69848267643361
9.007781028747559 13.674560799688456
9.049066543579102 13.63631667013443
9.095380783081055 13.597239850139047
9.14561653137207 13.534558990529675
9.195989608764648 13.522944011476895
9.250080108642578 13.444953431963995
9.306713104248047 13.463667144590131
9.367880821228027 13.425121134981886
9.428003311157227 13.393780488976216
9.487065315246582 13.362040716212872
9.538578033447266 13.469018624663045
9.584612846374512 13.466677929880445
9.629190444946289 13.41664975886732
9.680810928344727 13.312264867228189
9.741582870483398 13.20720989283608
9.804911613464355 13.15245013775416
9.86163330078125 13.188484135822472
9.91768741607666 13.144932823631018
9.970847129821777 13.124987356381345
10.020489692687988 13.14261857629549
10.06726360321045 12.98978552170841
10.126447677612305 12.838979376760207
10.190916061401367 12.788267482205653
10.26148509979248 12.576212592818962
