0.9728503823280334 4.596643296483755
1.0549540519714355 4.113020704258996
1.120130181312561 4.174747343919929
1.1849355697631836 4.3044362307857895
1.2778520584106445 4.5398474422771296
1.3925330638885498 4.409568888801605
1.4831315279006958 4.15538214123923
1.5610179901123047 3.957719153753398
1.6391074657440186 3.795638628174588
1.7073254585266113 3.5506080533456834
1.7709429264068604 3.3530397062528148
1.8222156763076782 3.255514510563807
1.8679851293563843 3.176746958021411
1.913284420967102 3.036949604415112
1.9541040658950806 2.8657575224796514
1.9958157539367676 2.7000495898031405
2.0389244556427 2.516438949722468
2.07865047454834 2.348425882389891
2.1181938648223877 2.2291842477578183
2.155339479446411 2.1803483580882435
2.188178062438965 2.1647698364521237
2.218879222869873 2.137059473259699
2.2487294673919678 2.1086770613436774
2.280437469482422 2.0494766148402346
2.3135292530059814 2.0458795535445096
2.345918655395508 2.0959394693490263
2.3768908977508545 2.201258536587618
2.405592918395996 2.1733861092681117
2.4365289211273193 2.281946504194714
2.473867416381836 2.135773508140561
2.518332004547119 2.0852673501782792
2.568476915359497 2.039455145892523
2.618574619293213 2.093006092535614
2.6676065921783447 2.07072519331041
2.7151970863342285 2.1080640212552666
2.7634880542755127 2.145658221739667
2.820657730102539 2.113594749073238
2.8768417835235596 2.1091194630933363
2.9315555095672607 2.089430463738352
2.975402355194092 2.086938808737757
3.0163462162017822 2.0506445974150944
3.055567502975464 2.0300485575554994
3.094050168991089 2.0590155235186316
3.131836175918579 2.0939773223684663
3.1691956520080566 2.05572908602957
3.2045555114746094 2.116214046918564
3.238722324371338 2.223379014087567
3.273277521133423 2.370211894993256
3.3118865489959717 2.6236047238389992
3.358536720275879 2.827137427956456
3.414228916168213 3.0368752988675944
3.4693925380706787 3.0917674174744727
3.52030611038208 3.1549566211138242
3.5670151710510254 3.3093327699280817
3.611776828765869 3.456442016637379
3.6573405265808105 3.581269107179534
3.7062928676605225 3.546507986636641
3.7558844089508057 3.5377436434058915
3.8085412979125977 3.587541329274834
3.859760046005249 3.6757415711997545
3.9044439792633057 3.8271803359766294
3.9483630657196045 3.9727325323514875
3.995234727859497 4.204641874266716
4.050826072692871 4.514505884021885
4.1128644943237305 4.854580324194003
4.168719291687012 5.067945793990942
4.220234394073486 5.2933107715803125
4.269723415374756 5.524276905273744
4.319118022918701 5.723218557687723
4.363162517547607 5.942309799456303
4.402403354644775 6.229729841874679
4.437269687652588 6.40794557987483
4.473328590393066 6.596967128144536
4.512832164764404 6.835831271316549
4.555185794830322 7.0463282563944185
4.602411270141602 7.386984735871818
4.651403903961182 7.8539688755064025
4.700110912322998 8.28279507740305
4.747193336486816 8.791605436906508
4.795439720153809 9.1990613218757
4.844961643218994 9.632659821442315
4.910432815551758 10.081384966368159
4.996130466461182 10.614867966427317
5.072723865509033 10.866914949741057
5.13179874420166 10.959803870840322
5.185324668884277 11.187040380399312
5.231950759887695 11.458550338899327
5.276276588439941 11.727559433352077
5.324248313903809 11.97147462630698
5.3803324699401855 12.331205724882306
5.443452835083008 12.782152432159606
5.5052971839904785 13.235586505006024
5.5638322830200195 13.679012151174327
5.625370502471924 13.92954417847675
5.691425323486328 14.143786144856348
5.762915134429932 14.347453706268729
5.830795764923096 14.583790486241458
5.893401145935059 14.840403215965893
5.954701900482178 15.07908003490417
6.01149320602417 15.319958619632272
6.068646430969238 15.686908253085456
6.1239495277404785 15.896195779708165
6.171950340270996 16.03310614855994
6.2227606773376465 16.126015656614015
6.274719715118408 16.280126892440713
6.324821949005127 16.49298841063476
6.372651100158691 16.577542809947555
6.415604114532471 16.654417303740672
6.459425926208496 16.64125721253364
6.503486156463623 16.809248731898265
6.544529438018799 16.93903892411619
6.581333160400391 17.163381081729227
6.61628532409668 17.369025069060342
6.65438985824585 17.36152332709829
6.702906608581543 17.40112362155951
6.76134729385376 17.540989423922603
6.823361873626709 17.655888835863703
6.883322238922119 17.658352819129973
6.948339939117432 17.697285028264567
7.013256072998047 17.82460438963854
7.080336093902588 17.97265477633474
7.138056755065918 18.04106924636221
7.20004415512085 18.061348467537137
7.263895034790039 18.16140500240796
7.332435607910156 18.213483355453626
7.400252342224121 18.257528021127435
7.458208084106445 18.46928798876039
7.50970983505249 18.522038086208404
7.55385684967041 18.604123282301384
7.591909408569336 18.716942768751878
7.627274513244629 18.634383428781682
7.667825222015381 18.581802487444786
7.711293697357178 18.553835345506666
7.758812427520752 18.540983865712363
7.805683612823486 18.506672586971845
7.857752323150635 18.514743209985678
7.908740043640137 18.465846184214353
7.959502220153809 18.472546516849416
8.009900093078613 18.46946396296963
8.059078216552734 18.453581269640935
8.10912799835205 18.40177412019708
8.160564422607422 18.365496930285605
8.210628509521484 18.424372015621532
8.25263500213623 18.50808689407321
8.286290168762207 18.532748059547814
8.317547798156738 18.474986860102014
8.352435111999512 18.440857097888333
8.395890235900879 18.37487572345645
8.440147399902344 18.285837107327588
8.491178512573242 18.213123661368467
8.540443420410156 18.250382113531188
8.586677551269531 18.21264462825014
8.633551597595215 18.185970832929446
8.681502342224121 18.201251162556886
8.72728443145752 18.14931919844274
8.774759292602539 18.096222819744835
8.823219299316406 17.98637420222795
8.87612247467041 17.983780064590412
8.930411338806152 17.97432027190972
8.980670928955078 17.957531073590264
9.031797409057617 17.958793224967533
9.080212593078613 17.926798945197877
9.128039360046387 17.96275490423505
9.1738862991333 17.97310203776045
9.219281196594238 17.911100743182875
9.264111518859863 17.961753683885227
9.308104515075684 17.94467170217987
9.346379280090332 17.94170167017777
9.387184143066406 17.817718948051173
9.431715965270996 17.754174073504014
9.487530708312988 17.613983177324997
9.547369956970215 17.582487664972124
9.610800743103027 17.572959297276224
9.664329528808594 17.530150336115597
9.710084915161133 17.57910002470784
9.754114151000977 17.56562359230969
9.80099105834961 17.49448447865075
9.846693992614746 17.49174670982044
9.888907432556152 17.447389205196735
9.932659149169922 17.39785561122075
9.972643852233887 17.444664673037767
10.016606330871582 17.334926629818636
10.060403823852539 17.244971341306343
10.109833717346191 17.057366800101313
10.173022270202637 16.909595367042538
10.250600814819336 16.75620197569222
10.334830284118652 16.645719912789605
10.427823066711426 16.465617648446024
