1.6706467866897583 9.394816373028867
1.7517043352127075 8.848690734208168
1.8218811750411987 8.399712104645056
1.8990073204040527 8.276686432039776
1.9775553941726685 7.908700655390012
2.0344903469085693 7.4616646143620855
2.0771400928497314 7.215808496831506
2.1145520210266113 6.948901196377457
2.148402452468872 6.691839516976554
2.1839370727539062 6.449739949261228
2.2192394733428955 6.208814892878001
2.25144362449646 6.048493381044279
2.285513162612915 5.865999827719354
2.3272671699523926 5.8099611991019255
2.373682975769043 5.6409298920185496
2.423394203186035 5.390801548162778
2.470123291015625 5.208708084086712
2.5144050121307373 4.9429974038445
2.5556976795196533 4.721607438747642
2.5944366455078125 4.603004985350392
2.6332554817199707 4.4763432208024385
2.675727128982544 4.2563888905913965
2.720494031906128 4.107101096045908
2.7600889205932617 3.930189867481118
2.797578811645508 3.866079994551521
2.8299365043640137 3.765540988347069
2.8575706481933594 3.7435205923572474
2.8824963569641113 3.6758666066222685
2.9071221351623535 3.67328117528128
2.9351696968078613 3.6315425166396413
2.9702842235565186 3.5598928722128127
3.0145087242126465 3.5293512650523025
3.0613605976104736 3.5147561613240454
3.103433132171631 3.4221455734817408
3.1443917751312256 3.3789487526392836
3.1843748092651367 3.3880570737497817
3.226928234100342 3.3830934805612984
3.274070978164673 3.292116649303004
3.3182666301727295 3.2314188977563325
3.3561291694641113 3.1231365601730485
3.393095016479492 3.1166069021064944
3.42918062210083 3.0633606348289146
3.47005033493042 2.9155565725053014
3.5137381553649902 2.878414661827797
3.5539557933807373 2.7536186876155226
3.5929415225982666 2.6163233238428396
3.6252267360687256 2.6133967629316652
3.6594443321228027 2.529264053546626
3.6918036937713623 2.40547127771534
3.7248566150665283 2.3321229794854355
3.7567155361175537 2.3071667826360462
3.7899324893951416 2.1799438812151486
3.8220643997192383 2.0922594058262445
3.856186628341675 2.0100687602407357
3.8903279304504395 1.940417045632795
3.9243133068084717 2.0032336835674163
3.9570188522338867 2.027053086775039
3.9886162281036377 2.0488647018760093
4.0254130363464355 2.0052463468741024
4.0646748542785645 2.0156580261873964
4.104339599609375 2.0415152603292714
4.1437554359436035 2.0564179407082896
4.181708335876465 2.062413347497935
4.217433929443359 2.091212527703811
4.251874923706055 2.072472920305719
4.2893805503845215 2.10072586533629
4.328149795532227 2.1644377370405747
4.3682451248168945 2.212289418646326
4.404543399810791 2.257980335904908
4.437203884124756 2.3877909103016237
4.467802047729492 2.4284134424860992
4.5006537437438965 2.395254541964296
4.535688877105713 2.376992714094969
4.56965970993042 2.3103906907586387
4.6070556640625 2.3257952400652693
4.643155097961426 2.3612022548584566
4.677634239196777 2.436963882800157
4.711644649505615 2.4631193336884567
4.7460246086120605 2.462158438239074
4.781118869781494 2.542640428788366
4.818176746368408 2.586148864198189
4.857022285461426 2.6460654982154623
4.89758825302124 2.782632864486886
4.93362283706665 2.966495242926065
4.967456340789795 3.1823237998059404
5.002102375030518 3.2445672453747725
5.038974761962891 3.3393979939121916
5.082777976989746 3.4665505472353892
5.128701210021973 3.6959890024312347
5.177507400512695 3.994731697777419
5.225400924682617 4.303062629748566
5.266970157623291 4.627048775484651
5.302554130554199 4.90149162627844
5.337262153625488 5.155419977536812
5.373237609863281 5.2817467343903175
5.41325569152832 5.444629122988837
5.455058574676514 5.5987722225200915
5.499081134796143 5.946900647429951
5.542331218719482 6.154468261071073
5.592434406280518 6.411356506026896
5.646358966827393 6.793428077571926
5.703263759613037 7.221516416932006
5.771156311035156 7.591468391623046
5.841739654541016 7.984102863838924
5.915860176086426 8.450556311887029
5.984569549560547 8.840308450007033
6.041550159454346 9.20399080700419
6.092992305755615 9.447145426570046
6.148680210113525 9.659392375244463
6.204010963439941 9.915685073514807
6.2549357414245605 10.169699077979445
6.304327964782715 10.422255373859311
6.354564189910889 10.587923948679745
6.41188907623291 10.863952936216197
6.463174343109131 11.17347446876997
6.51366662979126 11.441524523166636
6.564407825469971 11.596945370453014
6.617534637451172 11.884281549481186
6.674563407897949 12.10847154780182
6.733667373657227 12.315537796541738
6.79047966003418 12.584527973613358
6.851852893829346 12.785428301526872
6.915112495422363 13.089652602910364
6.971020221710205 13.452492720606182
7.032177925109863 13.621265819275997
7.094392776489258 13.928170127035306
7.15835428237915 14.178167396197884
7.224922180175781 14.213786013398066
7.298605918884277 14.350742036491825
7.376971244812012 14.384175120316575
7.44985294342041 14.56103338996989
7.510299205780029 14.642517119966579
7.5669264793396 14.783883326501567
7.624261856079102 14.842449693425522
7.680534839630127 14.829755735701948
7.734118938446045 15.01501227312125
7.781597137451172 14.987125508879426
7.829385280609131 14.975238979990698
7.875543117523193 15.101699259575415
7.917707920074463 15.168809135602542
7.960000991821289 15.10433109537976
8.006957054138184 15.206029951903304
8.05666446685791 15.145386352166305
8.098175048828125 15.177559597241162
8.141606330871582 15.194186287465438
8.188664436340332 15.154709682534065
8.241890907287598 15.138601805357284
8.293621063232422 15.184451639803704
8.347208023071289 15.177678811321597
8.404210090637207 15.183603144642008
8.455819129943848 15.189607373175374
8.506608009338379 15.285122055630934
8.549779891967773 15.333600721817987
8.591723442077637 15.345090940855325
8.63265323638916 15.508583189928952
8.673745155334473 15.402414170012598
8.711807250976562 15.431583577764737
8.747565269470215 15.432523816820359
8.789888381958008 15.3406756642147
8.836960792541504 15.2723858558497
8.889463424682617 15.235947286257515
8.943490982055664 15.265557133716738
8.990701675415039 15.354846003004678
9.032234191894531 15.300972555560092
9.074164390563965 15.316613504993418
9.117179870605469 15.319805334896229
9.160189628601074 15.313369329409452
9.203849792480469 15.290387826003247
9.251407623291016 15.25405652156667
9.303119659423828 15.19755402572146
9.351860046386719 15.204723092159854
9.398058891296387 15.25625924740403
9.443500518798828 15.265834152928715
9.49404239654541 15.14953159477032
9.549772262573242 15.106762234995337
9.611953735351562 15.036898930412633
9.673498153686523 15.015704217712797
9.735437393188477 14.981981984344246
9.79034423828125 15.016041823421514
9.83772087097168 15.077084939212034
9.884289741516113 15.049520212212109
9.933955192565918 14.933723857073424
9.989276885986328 14.85335711430447
10.049717903137207 14.807741235568683
10.111852645874023 14.686750275021513
10.175199508666992 14.58330765895039
10.243156433105469 14.428294706071679
10.317462921142578 14.431923784790053
