1.3475416898727417 6.614601402884433
1.4614378213882446 5.687971077496784
1.5484997034072876 5.2588796520844685
1.6202754974365234 4.871399962441084
1.679810643196106 4.675914113842727
1.731850504875183 4.555855065349965
1.775230884552002 4.433971708437113
1.8132487535476685 4.442654329047593
1.8466986417770386 4.374882744970683
1.8792695999145508 4.224423265054075
1.9183911085128784 4.153553619676472
1.9616180658340454 3.9916921026062226
2.0093908309936523 3.8859780363372276
2.0619313716888428 3.828451936476674
2.116504192352295 3.715766725594104
2.171480417251587 3.6433671275114827
2.2251529693603516 3.5005544997482922
2.279167890548706 3.367976822394137
2.332225799560547 3.213006842574394
2.381737232208252 3.06180510128787
2.4265799522399902 2.9575913935696763
2.4626734256744385 2.81828374280759
2.4978268146514893 2.6506292063931403
2.531890869140625 2.54208037631395
2.5650248527526855 2.4781458914921854
2.598057270050049 2.327693758387351
2.633500099182129 2.2740711269593485
2.6740505695343018 2.154020287157496
2.718372344970703 2.144627356959119
2.7602691650390625 2.0767439780189116
2.801452159881592 2.0544505140218203
2.8412036895751953 1.9821624834093912
2.8768742084503174 1.9637892904343623
2.9098048210144043 1.9772410460379557
2.9399056434631348 1.9574036579592813
2.96759295463562 1.9221110685903775
2.9948949813842773 1.7671334036966593
3.0230231285095215 1.7122994114558994
3.0493836402893066 1.6751190919233925
3.075441837310791 1.7199655197452741
3.1023876667022705 1.7648047237524243
3.130044460296631 1.8367604018810681
3.1610445976257324 1.9589707435903114
3.193596124649048 2.063563655187298
3.227905750274658 2.180167281527649
3.2629497051239014 2.2537698615709036
3.2996840476989746 2.3101635015747157
3.3386149406433105 2.447170499139117
3.3761861324310303 2.542890319410408
3.4120004177093506 2.6614604107008057
3.444167375564575 2.658467520165172
3.477987289428711 2.685294231681279
3.5127246379852295 2.747061715778554
3.547349691390991 2.809684436214215
3.5847420692443848 2.957084889379002
3.622159957885742 3.173697008205415
3.6630403995513916 3.3572420553804574
3.704988479614258 3.587861762129903
3.7452585697174072 3.756002285609237
3.781529188156128 3.985999694838887
3.818220376968384 4.178234449670232
3.854872703552246 4.458969850697757
3.8934011459350586 4.723348190280454
3.9351937770843506 4.943184954999856
3.979902982711792 5.142413501520768
4.023548126220703 5.217362640362954
4.067111015319824 5.376940122404634
4.106977462768555 5.502132890526033
4.142394065856934 5.661175706813892
4.176503658294678 5.89644573089467
4.209066390991211 6.142567792082705
4.241357326507568 6.42713348488973
4.272840976715088 6.642323918406807
4.309073448181152 6.923404503385036
4.351924896240234 7.336572495894438
4.401580810546875 7.698132708238105
4.459555149078369 8.157445313063766
4.515018463134766 8.388335702326069
4.561976432800293 8.673963518987224
4.607335567474365 8.972257130530965
4.6512579917907715 9.347184476959013
4.697178840637207 9.749021866266212
4.743621826171875 9.949501595569044
4.790107250213623 10.142767988606291
4.837382793426514 10.583122216330326
4.891619682312012 11.047074418151707
4.949256420135498 11.426003341976681
5.009174823760986 11.58524434377986
5.061254978179932 11.679614649724298
5.108378887176514 11.797266270357191
5.151595592498779 11.89345237633716
5.193055152893066 12.202599271226683
5.236183166503906 12.54245140197703
5.28259801864624 12.788813662684628
5.331009387969971 13.13931498770064
5.374703407287598 13.48056496734723
5.416888236999512 13.845653739214242
5.460253715515137 14.170855373165697
5.507611274719238 14.488380245956474
5.563838481903076 15.070712093288819
5.6279168128967285 15.534976109673899
5.695181369781494 15.896053760010021
5.757938861846924 16.07047547918408
5.814081192016602 16.405222689967832
5.8776350021362305 16.900980488486535
5.944143295288086 17.412768746141275
6.00776481628418 17.72544779857794
6.065639019012451 18.05506783513394
6.1202921867370605 18.327539115420944
6.180481910705566 18.673863110286334
6.234306335449219 19.143622982636963
6.290262222290039 19.44853761391438
6.345154762268066 19.530110384149523
6.399670600891113 19.67058412671703
6.4502644538879395 19.80687441412961
6.500948429107666 20.04987451656893
6.556654453277588 20.37415107847774
6.615809917449951 20.703711944593003
6.678977966308594 20.898468522929228
6.745671272277832 21.17845598394247
6.81941556930542 21.312773449358627
6.899907112121582 21.504458506501837
6.981389999389648 21.680619220281265
7.0550456047058105 21.91412627586411
7.117056846618652 22.025853884510717
7.176006317138672 22.145126639357475
7.235229969024658 22.322755725973852
7.29522180557251 22.339752911201973
7.348736763000488 22.441104903281232
7.405670166015625 22.46757435798374
7.4647626876831055 22.61105192872559
7.512329578399658 22.70133665384784
7.556512355804443 22.741848746184232
7.599520206451416 22.802705694283688
7.641462326049805 22.762734737576636
7.687689781188965 22.722462873148285
7.739170551300049 22.81262100491738
7.786664009094238 22.881359828560033
7.839418888092041 22.8210939581986
7.8967509269714355 22.82633538029095
7.953728675842285 22.949747847569167
8.004385948181152 23.008960541626674
8.054054260253906 22.994070745521178
8.107735633850098 22.985309055583304
8.169384956359863 22.931295096831448
8.23044204711914 22.989513034655694
8.287969589233398 23.03935846801596
8.339455604553223 23.024902016925424
8.390625 23.054206212354465
8.441606521606445 23.078039773256304
8.486102104187012 23.053537531364608
8.535415649414062 23.0446361709275
8.581021308898926 23.06821669382505
8.624855041503906 23.021531734515122
8.674238204956055 22.907804763149628
8.725430488586426 22.842636038594765
8.779144287109375 22.847662755384818
8.830713272094727 22.821899318101035
8.88032341003418 22.762172783463406
8.931962013244629 22.668770823553285
8.984389305114746 22.750326492136715
9.032946586608887 22.72437641621439
9.080499649047852 22.616164289450637
9.126829147338867 22.53964503902938
9.173747062683105 22.534805649927524
9.21816635131836 22.580154667664317
9.26250171661377 22.48799331655034
9.310139656066895 22.34829100278754
9.359292984008789 22.27037259938914
9.40976333618164 22.28617907932658
9.456441879272461 22.24300154734807
9.5033540725708 22.1799828202453
9.550580978393555 22.064865578527872
9.599557876586914 22.07978274277471
9.64919662475586 21.965953939503848
9.69443416595459 21.942165225777025
9.740557670593262 21.87695248999716
9.788723945617676 21.802946671733043
9.840635299682617 21.63890357481022
9.893470764160156 21.715158040427916
9.938143730163574 21.619125688035925
9.983970642089844 21.63952414544842
10.028383255004883 21.574857886174588
10.073354721069336 21.46031689583042
10.119132041931152 21.422420783914774
10.169795989990234 21.222494658428307
10.226540565490723 21.07790177749544
10.285871505737305 20.985268994610433
