1.7726287841796875 11.188996680649408
1.8514771461486816 10.578860264238726
1.9031935930252075 10.16263050916761
1.9531328678131104 9.724807133298183
2.0020394325256348 9.315395636136335
2.0482232570648193 9.04814193749842
2.095432758331299 8.8202891020925
2.150399923324585 8.645846430087182
2.2156503200531006 8.485474629515236
2.2756338119506836 8.196387039317923
2.3259453773498535 8.06637650146865
2.3626482486724854 8.083959309901303
2.3920202255249023 7.962084616796978
2.4202370643615723 7.767195763948286
2.454286813735962 7.647131162034124
2.500293493270874 7.57658937685106
2.5563199520111084 7.644247479204365
2.6069834232330322 7.376228825859959
2.642364978790283 7.033436972220721
2.673211097717285 6.58137183312463
2.705920696258545 6.18668481360178
2.744117259979248 5.911507457721918
2.786206007003784 5.8628395891007585
2.8285322189331055 5.847467378003693
2.8738858699798584 5.788210825966159
2.922520637512207 5.600501938563891
2.9703710079193115 5.527199733014135
3.01741099357605 5.371178964383656
3.0696845054626465 5.20239327284677
3.1303179264068604 4.858216090929627
3.1837785243988037 4.515362906853034
3.2298622131347656 4.379255148114121
3.2717702388763428 4.394273078895759
3.3070504665374756 4.497958995156897
3.3377082347869873 4.4233501018876895
3.374241590499878 4.206270503601164
3.412318229675293 4.034175767273675
3.454031229019165 3.8038158705401757
3.494664430618286 3.822051185949232
3.5300111770629883 3.9079066325105085
3.557752847671509 4.065866097999295
3.5776138305664062 4.048562119373815
3.6027538776397705 3.8201389633326857
3.6393280029296875 3.5384950431192825
3.6805434226989746 3.416363884476599
3.7174713611602783 3.2485637105355343
3.751877784729004 3.0948555386484493
3.791825532913208 2.9389864649042297
3.840510368347168 2.7074299741721792
3.894331932067871 2.445367795962131
3.9382073879241943 2.365069306192916
3.9716992378234863 2.360467771473691
4.000912189483643 2.4164705618643363
4.030697345733643 2.261003972759948
4.0656657218933105 2.1362990470767267
4.104182720184326 1.9822401988914575
4.140584945678711 1.984873325173443
4.1748223304748535 1.9834766354144122
4.209889888763428 1.955720910711001
4.243565082550049 1.9449020084834157
4.272828578948975 1.970927534112767
4.298880100250244 1.9064590411938227
4.323314189910889 1.9247849044429126
4.3512468338012695 1.8863458723194424
4.381022930145264 1.9006630489243281
4.410709381103516 1.961397953111086
4.438054084777832 2.0209852513731987
4.464576244354248 1.971356678313466
4.495439529418945 1.8095104620996916
4.532534122467041 1.7471655259690102
4.567575931549072 1.882714815589653
4.597564220428467 1.991933231198356
4.625585556030273 2.121292311588841
4.658005714416504 2.1380767049780567
4.695935249328613 2.2607990384105876
4.738119602203369 2.3751602125147677
4.789950370788574 2.4870651804571167
4.845171928405762 2.6638002469760074
4.891393661499023 2.8234530810451184
4.927982807159424 3.0315969517497425
4.961070537567139 3.217485706826728
4.99456262588501 3.3162803668436585
5.029842853546143 3.37086025577864
5.07001256942749 3.5360626649726266
5.11078405380249 3.768997045158037
5.146505355834961 4.011552402850273
5.180156230926514 4.159737215000304
5.218262195587158 4.386699396537789
5.260082721710205 4.615494805945418
5.297169208526611 4.945969150959817
5.325564384460449 5.3275614121442185
5.351408004760742 5.559096833396084
5.37986421585083 5.732694720620107
5.411704063415527 5.905267161743611
5.445123672485352 6.202503401258425
5.480348587036133 6.447305827707634
5.517970085144043 6.774782243791577
5.559920787811279 7.095502018139635
5.600572109222412 7.391969285594275
5.645423412322998 7.752486326227602
5.699720859527588 8.173680302557635
5.761961936950684 8.732743051575804
5.8105950355529785 9.142509663579764
5.852999687194824 9.346877473353166
5.896425247192383 9.377273450423896
5.938362121582031 9.521356486556535
5.972505569458008 9.733705575012797
6.005709648132324 9.855886111844494
6.045043468475342 10.127874645913236
6.101227283477783 10.685635999706232
6.168313026428223 11.38088118419865
6.235347270965576 11.917784997421238
6.294656276702881 12.25426773728863
6.355824947357178 12.632001207796398
6.415231704711914 12.89868455420774
6.477640628814697 13.349324494715397
6.543177604675293 13.700378554649987
6.631073951721191 14.173448291929652
6.734752655029297 14.599965155791756
6.816257953643799 14.949049758985904
6.86918306350708 15.134899591611228
6.92052698135376 15.203544610076376
6.978719234466553 15.373601390956331
7.041612148284912 15.531496618346067
7.106249809265137 15.636190948132217
7.16599178314209 15.669345728462943
7.22913932800293 15.830423827513236
7.298822402954102 16.223853621811084
7.369792461395264 16.614610255373417
7.428605556488037 16.813432281970904
7.495593070983887 16.78254037411383
7.56423282623291 16.814080703554655
7.634533882141113 16.897500036703747
7.71101188659668 16.987968215787824
7.774075984954834 17.09457466843748
7.830326080322266 17.1428654588716
7.883585453033447 17.20349888225535
7.9380784034729 17.268319786495955
7.989269256591797 17.305345970996527
8.031015396118164 17.304303827019723
8.075202941894531 17.199758595531414
8.131085395812988 17.189045153134526
8.193360328674316 17.14696498710991
8.251191139221191 17.169472351818353
8.299468994140625 17.273242818882505
8.35147476196289 17.190912379572307
8.40772819519043 17.10865916081738
8.466598510742188 17.139629741709108
8.516300201416016 17.18963698617089
8.560900688171387 17.313295162710027
8.598551750183105 17.290799093447536
8.639824867248535 17.20650716792428
8.68450927734375 17.22566094209631
8.726133346557617 17.24610628074704
8.768816947937012 17.188937088757072
8.814563751220703 17.217482045365394
8.855973243713379 17.255748402160634
8.893848419189453 17.362147267820244
8.926891326904297 17.408105785992397
8.961932182312012 17.32670077097365
9.002077102661133 17.264386048926895
9.044058799743652 17.306177362908215
9.082327842712402 17.30705923988978
9.120058059692383 17.340867445187506
9.156156539916992 17.24653890238551
9.200100898742676 17.209486802728378
9.247515678405762 17.224950691327088
9.291475296020508 17.241310270550944
9.343581199645996 17.242986114523987
9.3954496383667 17.27319900560839
9.442882537841797 17.24833345827938
9.49070930480957 17.29690575524887
9.539209365844727 17.32868058151695
9.588143348693848 17.405375843197056
9.6290283203125 17.38369733678831
9.676709175109863 17.27713215226693
9.73715877532959 17.18849291875338
9.80430793762207 17.124713487984764
9.861817359924316 17.27438420172882
9.905034065246582 17.420330325259734
9.943882942199707 17.368979661428664
9.985918998718262 17.316303210101132
10.041898727416992 17.212283385398806
10.102974891662598 17.136161703861347
10.155721664428711 17.168625485184517
10.204891204833984 17.185275883696754
10.240910530090332 17.130393613364795
10.277464866638184 17.109112583319156
