0.937153697013855 5.003485885753695
1.039433479309082 4.792937200696403
1.108398675918579 4.791143702909008
1.1680341958999634 4.738147171141315
1.2305543422698975 4.874652622919227
1.308456301689148 4.873308599177648
1.3895102739334106 4.612198975900803
1.4537495374679565 4.4740648274494825
1.5123584270477295 4.104995663463939
1.5718501806259155 4.0047695034243
1.6331058740615845 4.154322085528755
1.6910979747772217 4.056561295213126
1.7465307712554932 3.890631848393902
1.8076821565628052 3.443556197649426
1.869608998298645 3.1640038327658933
1.9203873872756958 3.021981073207671
1.9606925249099731 3.014748073331574
1.9908963441848755 2.9403561718836237
2.0167763233184814 2.8213062979493575
2.0448014736175537 2.649419468830631
2.0754404067993164 2.4491762970779303
2.105879068374634 2.3596434890827482
2.1377370357513428 2.218690805880609
2.170734405517578 2.0748071935240335
2.205564260482788 1.958743258168312
2.2402853965759277 1.886760813065344
2.2742972373962402 1.837372326679679
2.3105084896087646 1.7854734574905446
2.347113847732544 1.8612690952298196
2.383152961730957 1.9857750366707734
2.420090913772583 1.9857709300304993
2.462916374206543 2.006632109652054
2.51454758644104 2.061896583616541
2.573770761489868 2.138704291881885
2.632967233657837 2.2060468133160684
2.6871883869171143 2.2937020531015393
2.7386460304260254 2.311598908417362
2.7886457443237305 2.3307593747449045
2.840059757232666 2.3467940233729756
2.8891711235046387 2.287791591030871
2.931180000305176 2.4032577615711053
2.960554838180542 2.5275895342153443
2.98319411277771 2.5603164224166868
3.0033109188079834 2.5158195332225404
3.025601387023926 2.4340806121622487
3.0517876148223877 2.2607919775653857
3.0836241245269775 2.116894557324515
3.1216986179351807 2.0517883943721644
3.164501190185547 2.0538538614347117
3.2088305950164795 2.181397722625377
3.2505695819854736 2.348054993338757
3.2910196781158447 2.565306974690428
3.3351736068725586 2.770088449430287
3.377985715866089 2.9572207393860683
3.416325330734253 2.998985895495372
3.4488492012023926 3.0179225105291145
3.4787540435791016 2.9497574279832985
3.5112810134887695 2.9786307073366696
3.544522523880005 2.9944659451588946
3.5790069103240967 3.0684824868960465
3.618218421936035 3.144909380339453
3.6640872955322266 3.210363918418162
3.710240125656128 3.269575350333172
3.7598984241485596 3.3722716009276352
3.8079471588134766 3.491724874914521
3.855567216873169 3.7628283206483233
3.901099920272827 4.009088311977813
3.9424846172332764 4.021928096478208
3.980764865875244 4.104595615096914
4.022207260131836 3.978976219869267
4.068542003631592 3.9913983479745165
4.113821029663086 4.036020450327861
4.158379554748535 4.051975375843143
4.206474781036377 4.151996813339363
4.254766464233398 4.303652396525068
4.303944110870361 4.513351411668832
4.348105430603027 4.692246979435523
4.3884148597717285 4.971591566709739
4.42228364944458 5.192954762161181
4.45336389541626 5.348327601033975
4.482912063598633 5.32231080484112
4.519134998321533 5.392234794318679
4.562192916870117 5.450443893641822
4.6133036613464355 5.716222330734558
4.679756164550781 6.072900803251042
4.759254455566406 6.399003166639483
4.832666873931885 6.630309865141068
4.902176380157471 6.735312393271882
4.961674690246582 6.920438672311982
5.011799335479736 7.200006135535972
5.051834583282471 7.426940729939452
5.087798118591309 7.690128365611155
5.125953674316406 7.677141438438016
5.177834510803223 7.748084226838602
5.237959384918213 7.8489244451015034
5.309743404388428 8.047731657002457
5.378113269805908 8.258126111263485
5.438807010650635 8.580586858891126
5.4914655685424805 8.839489643973838
5.545912742614746 8.961814790719172
5.599682331085205 9.113931721911918
5.656713485717773 9.243147763690688
5.711441516876221 9.4591121900984
5.764206886291504 9.53002311755522
5.825591087341309 9.53586416833288
5.891050815582275 9.571661116716141
5.956789970397949 9.821950133585371
6.011817455291748 9.941249456357426
6.062880992889404 10.044700281084234
6.113576412200928 10.120007825626589
6.1669135093688965 10.18492327468278
6.231804847717285 10.177828821277107
6.297488212585449 10.1763581377653
6.366915702819824 10.245488415742681
6.438407897949219 10.297657545525205
6.504354953765869 10.428084731833183
6.563262939453125 10.549504465943114
6.614927768707275 10.614983234534709
6.667541027069092 10.750350405868346
6.716346263885498 10.757933966091526
6.758511066436768 10.855422730719303
6.796154499053955 10.809239382490942
6.838478088378906 10.875454995657682
6.880258560180664 10.91999302211285
6.917720794677734 11.032682445399994
6.953572750091553 11.004367687695312
6.994692325592041 10.933778430904415
7.043888568878174 10.802296942304357
7.097126483917236 10.867781110676622
7.151031970977783 10.87151887949011
7.200277328491211 10.860639665930165
7.250970840454102 10.845131225496056
7.303539752960205 10.854955123947775
7.3558502197265625 10.916040706954544
7.4046125411987305 10.908634383458853
7.45838737487793 10.92402740292606
7.508523941040039 10.906815491436717
7.562800407409668 10.946817053011115
7.612825393676758 10.936829399373499
7.6619157791137695 10.996260038267225
7.709593296051025 10.946460104614006
7.764138698577881 10.91240041632034
7.821979999542236 10.808122230584345
7.8818888664245605 10.84224100404073
7.932587623596191 10.918171201000773
7.974404335021973 11.024077158301512
8.0167875289917 11.000899848830356
8.058813095092773 10.889020255246713
8.10797119140625 10.908576724065265
8.157523155212402 10.83470518727281
8.204998970031738 10.904664511622498
8.247396469116211 10.953368145423132
8.283512115478516 11.042889547384686
8.319053649902344 11.06607717301682
8.35103988647461 11.081090746749013
8.385417938232422 11.025075625415155
8.421003341674805 10.950889374164861
8.457234382629395 10.957148762355288
8.492470741271973 10.940852835266716
8.533583641052246 10.871852726317943
8.578505516052246 10.779882567950658
8.625442504882812 10.828535500021077
8.673202514648438 10.788081262829479
8.717679023742676 10.929819327278565
8.75605583190918 11.03159569987419
8.789448738098145 11.053818325271529
8.82219409942627 11.073710217145134
8.854547500610352 11.123772610239431
8.885797500610352 11.15463376642491
8.917509078979492 11.180451167168096
8.949067115783691 11.114138250914937
8.986992835998535 11.154525013773455
9.024847984313965 11.100038427529666
9.065506935119629 11.164500750125555
9.10500431060791 11.207708395751093
9.141764640808105 11.264987977703408
9.181991577148438 11.241063548862153
9.226457595825195 11.324908472488534
9.273673057556152 11.32342426821871
9.31903076171875 11.355420497246959
9.370039939880371 11.34490921478669
9.425179481506348 11.414364113171413
9.477412223815918 11.52427671439895
9.520543098449707 11.622597604516026
9.565438270568848 11.677248313071594
9.61607551574707 11.6036976869081
9.67957878112793 11.50241576136504
9.7529935836792 11.574962060992513
