0.5099228620529175 7.347515378041624
0.7354413866996765 6.675404745731223
0.8793194890022278 6.6345715282296585
0.9784864187240601 6.535375548107013
1.0743346214294434 6.425090038689967
1.1553678512573242 6.389088435406126
1.2333860397338867 6.308492110383406
1.30502188205719 6.082220910451332
1.3772982358932495 6.082736891487856
1.444640874862671 5.985069654859868
1.5073460340499878 5.876583431018718
1.5675759315490723 5.752783239847
1.6237871646881104 5.766918701983349
1.6763293743133545 5.645335182787102
1.724963665008545 5.661228321943343
1.7734768390655518 5.597206632498465
1.826158046722412 5.407967467271466
1.881392002105713 5.286993853919305
1.9421025514602661 5.167082483371153
2.0010476112365723 5.08847654761588
2.060925006866455 4.885201024830332
2.1199381351470947 4.755675883062648
2.1753745079040527 4.606081556473509
2.228739023208618 4.43600503750706
2.284111976623535 4.2201404115426016
2.339423656463623 4.0532456191908395
2.394787311553955 3.9013983024353824
2.4421846866607666 3.7986587598803188
2.4872941970825195 3.5016009597789726
2.5301036834716797 3.3478563714128358
2.5714805126190186 3.202905231501096
2.609372615814209 3.0242859004754674
2.6438803672790527 2.9869767578814868
2.6779956817626953 2.850170703744473
2.7115070819854736 2.76077003895069
2.742415189743042 2.6551218964710444
2.775059223175049 2.5447521549645313
2.8088769912719727 2.433123115280991
2.843275308609009 2.399329394528927
2.879911184310913 2.2720332628431854
2.9159653186798096 2.259432551923832
2.9524269104003906 2.216446297873949
2.991818428039551 2.118670344185854
3.0341198444366455 2.042204994296042
3.075374126434326 1.9818758074904592
3.1178934574127197 1.9416768986907733
3.15720272064209 1.8894987912396315
3.1955413818359375 1.8386398570275928
3.2314910888671875 1.7698181297813036
3.2646923065185547 1.6644413993665257
3.2983837127685547 1.6390899728285744
3.3330321311950684 1.723170348111255
3.368847131729126 1.7997424413591554
3.402634620666504 1.810232311980334
3.43841552734375 1.8420135534842381
3.472414255142212 1.9611229457583979
3.506455421447754 2.066563006761157
3.5414671897888184 2.094749133310269
3.5776305198669434 2.1995853121994524
3.612433433532715 2.2757822125813503
3.65102481842041 2.376519366194743
3.690971612930298 2.515647988961138
3.730682134628296 2.669912851060507
3.770887613296509 2.8728878534396265
3.8110086917877197 3.025964958330862
3.8527419567108154 3.1657198265834015
3.895744562149048 3.3760407744751877
3.9360103607177734 3.5857660309519312
3.9759976863861084 3.629996705340493
4.015822887420654 3.805001051346037
4.054400444030762 3.911674066326668
4.092650413513184 4.129108514716241
4.129514694213867 4.389527025688409
4.169194221496582 4.589277374155018
4.208888053894043 4.840766463068418
4.250726699829102 5.070000340083647
4.289427757263184 5.319597031797465
4.329060077667236 5.621839289908837
4.367555141448975 5.850081436847145
4.406534194946289 6.134198805275777
4.446394920349121 6.3912850390488956
4.4849324226379395 6.6343469876302
4.523871898651123 6.908307683932865
4.564448833465576 7.1737444053600266
4.604158401489258 7.403320710942769
4.645010471343994 7.714146307153044
4.688156604766846 7.960781156214364
4.729991912841797 8.303663591994251
4.7704362869262695 8.513814625905724
4.8113250732421875 8.743040073744895
4.853051662445068 8.934695457027473
4.895561695098877 9.147175937497268
4.9385480880737305 9.519589710065876
4.985820293426514 9.86888593559181
5.045644760131836 10.458648406855682
5.114969730377197 10.98294242110853
5.185704231262207 11.414789944808806
5.268001556396484 12.042604025210228
5.363884449005127 12.709357060399734
5.46602725982666 13.385679724789583
5.552465915679932 13.979437042449344
5.629771709442139 14.12125686005863
5.696885108947754 14.655713348274807
5.753917694091797 14.873453974882606
5.816118240356445 14.91999025167526
5.877216339111328 15.203506603838896
5.938266754150391 15.455656583810386
5.988255500793457 15.706807924447153
6.037913799285889 15.794908799645738
6.0811920166015625 15.983776294258771
6.13010311126709 16.03848583177022
6.179626941680908 16.13056416224136
6.2318949699401855 16.257514515975306
6.2834320068359375 16.351521931379896
6.336581707000732 16.557849481828217
6.386754989624023 16.639529472861973
6.441003799438477 16.718639104510377
6.4958930015563965 16.73209247639125
6.548807144165039 16.85799226170849
6.597764015197754 16.977747713883158
6.648715019226074 16.979438023646043
6.698287487030029 17.111814495877585
6.7518439292907715 17.195612253081134
6.809168815612793 17.27094114142049
6.866020202636719 17.46770218630756
6.925649166107178 17.568976736321588
6.976393222808838 17.576349806507217
7.025893211364746 17.705642377059466
7.0738911628723145 17.709254243560384
7.121426105499268 17.72474889739773
7.172171592712402 17.759050278725486
7.221729755401611 17.768613475599373
7.271900177001953 17.819336489731445
7.3267903327941895 17.85221195700824
7.381889820098877 17.850627874728318
7.432210445404053 17.90469151094027
7.483466625213623 17.89244267262549
7.533583164215088 17.943760794930785
7.581592082977295 17.97990264134866
7.6311116218566895 18.045183152271175
7.680657386779785 18.00686022758299
7.732389450073242 18.065206155364116
7.784698963165283 18.09413186803525
7.835305213928223 18.058057143628496
7.886534214019775 18.16274451203539
7.93489933013916 18.105958209082736
7.982701778411865 18.13293540104419
8.02696418762207 18.242482958173458
8.071090698242188 18.20635954112025
8.111678123474121 18.240640540823634
8.15324592590332 18.20883659267123
8.193807601928711 18.276747726564153
8.235156059265137 18.244116162099584
8.279675483703613 18.269481465190026
8.327107429504395 18.149980341999896
8.375432014465332 18.203851023561487
8.423251152038574 18.27990978239041
8.47248649597168 18.25306516092709
8.52413272857666 18.214862770789463
8.579117774963379 18.274941328273446
8.637319564819336 18.276989634449084
8.695043563842773 18.29416608411108
8.755023956298828 18.314953604331695
8.81445026397705 18.36030624805491
8.870749473571777 18.41815754573607
8.92640495300293 18.414779952912877
8.979300498962402 18.426531049081404
9.03181266784668 18.490851437215664
9.083184242248535 18.577529150857266
9.131477355957031 18.546112669915214
9.18034553527832 18.537098397206595
9.23175048828125 18.551569920354716
9.285529136657715 18.545810921663204
9.343127250671387 18.51553311374306
9.396389961242676 18.620402616463956
9.450928688049316 18.549344775773033
9.507224082946777 18.47275912885926
9.5630464553833 18.57118594521667
9.622690200805664 18.495581750672308
9.678291320800781 18.53645780339922
9.734613418579102 18.659455043286986
9.787361145019531 18.542465390939245
9.839349746704102 18.529702069579763
9.893449783325195 18.579842500638133
9.946102142333984 18.424240401582406
10.01351547241211 18.319841974287304
10.084476470947266 18.179274146510995
10.154547691345215 18.161781733569395
