0.7059504389762878 8.972914647305306
0.8499976992607117 8.749030608941267
1.036499261856079 8.621678864272189
1.1427913904190063 7.9527978940859665
1.233480453491211 7.663082241011839
1.319069266319275 7.355161369381006
1.4021869897842407 7.025501280134567
1.4855639934539795 6.974218882085078
1.5691595077514648 6.804434425580198
1.6494855880737305 6.667617553385995
1.726739525794983 6.442682999185067
1.788515567779541 6.076783061700048
1.853474736213684 5.896901496737798
1.911730408668518 5.615181500833093
1.9682347774505615 5.3175174662010365
2.0216665267944336 5.054673359398439
2.0761301517486572 4.891243163810945
2.1199185848236084 4.732317436004977
2.1606955528259277 4.506432687692935
2.199646234512329 4.426569064905522
2.2352521419525146 4.28542726696576
2.2708420753479004 4.11655964436595
2.3069891929626465 3.9783620731981517
2.343888521194458 3.8071445707685125
2.3812239170074463 3.6907089366321295
2.4200127124786377 3.4784792901496404
2.462128162384033 3.308639990234856
2.5035433769226074 3.1404018630274786
2.5459859371185303 2.976948458962057
2.5888864994049072 2.7630234224484282
2.6302151679992676 2.6264425122845405
2.6699342727661133 2.4474812875828778
2.707703113555908 2.351492287806031
2.7476863861083984 2.205003706877464
2.7909786701202393 2.094746860835528
2.8346333503723145 1.9959434630288528
2.88002872467041 1.8743577305700339
2.9218432903289795 1.8318925006893034
2.960590124130249 1.7848875951103023
2.9965386390686035 1.7973524408039634
3.032768726348877 1.809670503590912
3.0670268535614014 1.8237179516354032
3.1021859645843506 1.829954015467415
3.1393094062805176 1.7905239848445318
3.1781551837921143 1.8108144469921499
3.2181787490844727 1.844725383705928
3.2583742141723633 1.8750162956123546
3.300422191619873 1.898312502315119
3.3405468463897705 2.031687934240323
3.378871440887451 2.0917417707691968
3.4185378551483154 2.175469819597399
3.4569103717803955 2.317892481886817
3.4964921474456787 2.387302214687093
3.532371759414673 2.534460529765642
3.5686304569244385 2.6178185737378143
3.603529691696167 2.746585628429646
3.639484405517578 2.886613034712959
3.6780848503112793 2.940743847259631
3.7196695804595947 3.018299251701166
3.7627148628234863 3.168066191535686
3.8081586360931396 3.269461342483077
3.853921413421631 3.4150382944686086
3.8987786769866943 3.5328117950939077
3.945633888244629 3.631906588800148
3.987563371658325 3.725852677052761
4.029837608337402 3.91220625681087
4.070140838623047 4.050666579838887
4.108110427856445 4.180505968049298
4.146456718444824 4.409079260215992
4.183042049407959 4.503787089339464
4.220453262329102 4.71986773258219
4.259739398956299 4.966419732139285
4.299624919891357 5.137113710229906
4.341076850891113 5.242537838757865
4.383602142333984 5.399248681405571
4.426555156707764 5.6175408080165194
4.471988677978516 5.80593668176961
4.521434783935547 5.958536802818298
4.57384729385376 6.06460135430275
4.627594470977783 6.309087696470885
4.68389892578125 6.386208230440864
4.742706298828125 6.702255544367894
4.810422897338867 7.014721598231449
4.878567695617676 7.244081286560002
4.941356658935547 7.455377292413898
5.007877349853516 7.636344169539166
5.077108383178711 7.894828253403038
5.146509170532227 8.129393613931809
5.210724353790283 8.168389458625178
5.277339935302734 8.38594812129863
5.335684299468994 8.600028448498879
5.393434047698975 8.80428056357903
5.449548244476318 8.83617114710205
5.5056071281433105 8.924511502338603
5.560562610626221 9.060203936752504
5.614074230194092 9.16876741978498
5.664746284484863 9.242906154140133
5.71371603012085 9.344511417039907
5.76422119140625 9.336154709308678
5.819166660308838 9.405266264644185
5.877141952514648 9.433303969397516
5.935194492340088 9.457819269764004
5.989004611968994 9.557668773886952
6.039813041687012 9.582209537696704
6.087857723236084 9.635824385038456
6.132988452911377 9.609223289572947
6.178422927856445 9.633825695519285
6.2253618240356445 9.710731402847715
6.273336410522461 9.622694071026059
6.324599266052246 9.59418630288424
6.378542423248291 9.643210226521704
6.4345784187316895 9.632030778131858
6.4895734786987305 9.589465963623082
6.544865608215332 9.608031865367929
6.603117942810059 9.613469906615661
6.6688971519470215 9.505423078721472
6.739518642425537 9.467672935204744
6.810912132263184 9.482189716001564
6.877181529998779 9.515622658069473
6.940671920776367 9.489454178298734
7.0021233558654785 9.517706481033361
7.06012487411499 9.591403718342841
7.113688945770264 9.575857963778887
7.161957263946533 9.638639084132608
7.205654144287109 9.628906911081312
7.249107837677002 9.699089779773342
7.288149356842041 9.665994337377475
7.324585437774658 9.708700900007946
7.361640453338623 9.590127916747985
7.402336120605469 9.567210714368244
7.447154998779297 9.484740417753383
7.491413116455078 9.450451848352973
7.5366315841674805 9.454548919446225
7.586403846740723 9.31273636863663
7.639429092407227 9.284677325301068
7.690871238708496 9.235230299454813
7.7399702072143555 9.1984511208485
7.787508487701416 9.206865460511173
7.831018447875977 9.17916033628395
7.875824451446533 9.185432640960633
7.917466163635254 9.187615538244716
7.957205295562744 9.100057261421451
7.996286869049072 9.062550927838956
8.033443450927734 9.019737664007119
8.07138729095459 9.032075907120964
8.10871410369873 8.949302466851984
8.148048400878906 8.932253890556268
8.193708419799805 8.753934276869396
8.240616798400879 8.728513773673228
8.285195350646973 8.63132047999849
8.335329055786133 8.568570481364619
8.385491371154785 8.510330166478413
8.436929702758789 8.551879141552247
8.482678413391113 8.598184221296572
8.524008750915527 8.60865518668265
8.562543869018555 8.552448629028747
8.60044002532959 8.579456676457374
8.638136863708496 8.590052621394655
8.676019668579102 8.490385890298855
8.717487335205078 8.44075856777159
8.760547637939453 8.331734583341886
8.805100440979004 8.30060682676424
8.847371101379395 8.31993534925726
8.88896369934082 8.34678441210937
8.931318283081055 8.213959601323838
8.975618362426758 8.113410360477744
9.019984245300293 8.105546797794483
9.069828033447266 7.9489145715460845
9.124795913696289 7.968858737940636
9.181873321533203 7.9129700514611745
9.236071586608887 7.85678226445959
9.289913177490234 7.8261772188761345
9.348353385925293 7.702464981147173
9.409527778625488 7.6862602690327515
9.477156639099121 7.5407003114320865
9.542040824890137 7.540784690985336
9.6044340133667 7.554031938590392
9.669405937194824 7.479462019071871
9.732664108276367 7.40245768035901
9.7972412109375 7.3911110820265495
9.857940673828125 7.324028432716197
9.920219421386719 7.275093697571976
9.979825973510742 7.228105145438922
10.041142463684082 7.161539377094915
10.100046157836914 7.089106423884993
10.159920692443848 6.987899769676735
10.223532676696777 6.839450771036911
10.2910737991333 6.781591154530713
