0.9494004845619202 4.628669872544037
1.0832910537719727 4.236983221107244
1.194090485572815 4.031957312345621
1.2772756814956665 4.041755888215518
1.3520234823226929 3.926607383159882
1.431293249130249 3.821329012356812
1.5070698261260986 3.617748086164402
1.5671426057815552 3.4504796173343344
1.6251972913742065 3.2484145196398164
1.681633710861206 3.0924880543785696
1.7284846305847168 2.919721195656898
1.7753227949142456 2.735233920115511
1.8230879306793213 2.6100450791424805
1.863234281539917 2.574133309480399
1.8991196155548096 2.4794042770320894
1.9321792125701904 2.474866692747063
1.9637954235076904 2.376618920722989
1.9941567182540894 2.3373771059006976
2.0223910808563232 2.2901621656867404
2.0507287979125977 2.196011333735102
2.0800254344940186 2.1643824092393036
2.108231782913208 2.125292690707889
2.1360785961151123 2.0831648945381374
2.164097547531128 2.0540307924924006
2.1933629512786865 2.123855110423193
2.228768825531006 2.191353528412894
2.2660510540008545 2.3339637716414456
2.3079171180725098 2.356098376742561
2.354079484939575 2.407926632210189
2.404620885848999 2.677216248938605
2.4612817764282227 2.702513004705821
2.5118184089660645 2.6923967609338995
2.5602433681488037 2.323528950122612
2.6056997776031494 2.0199445323511434
2.6467857360839844 1.8596787950753464
2.6853749752044678 1.8409135047010032
2.719419240951538 1.904126639097891
2.7509732246398926 1.9883039036951695
2.7839341163635254 2.055237175813827
2.8244309425354004 2.1602825845768985
2.869351387023926 2.374303947815848
2.917628049850464 2.4164261422994517
2.9644775390625 2.382152460584754
3.0090110301971436 2.390716126303923
3.050813913345337 2.378596099872247
3.0955607891082764 2.3755955972987493
3.1394460201263428 2.470122055039878
3.180332660675049 2.568612022778043
3.223379611968994 2.6098505508508354
3.267592430114746 2.680480028427701
3.3113410472869873 2.7459739286499767
3.353703022003174 2.9084545916076583
3.392404556274414 3.1259185236903857
3.4298152923583984 3.186080805658213
3.463426113128662 3.2848814652746623
3.4987034797668457 3.140866227573862
3.5406417846679688 3.1698329607334426
3.583634376525879 3.0572126741360024
3.6280996799468994 2.9852705210324912
3.6725823879241943 2.9514010827381503
3.7116801738739014 2.929836229173516
3.746401309967041 2.9482694684961612
3.7771975994110107 3.030196426566164
3.807549238204956 3.078365080453948
3.8373990058898926 3.1757801925006315
3.871157169342041 3.161124166676228
3.9071879386901855 3.2726600155767667
3.946469306945801 3.3436578885887878
3.9892349243164062 3.517765105038408
4.032225608825684 3.7418408696606997
4.067734241485596 3.8812737827677064
4.097714424133301 4.054419917483623
4.124450206756592 4.14661755103912
4.148639678955078 4.236507140647642
4.17333459854126 4.262712309937998
4.200572490692139 4.399584562436629
4.232366561889648 4.426913690495559
4.271012306213379 4.652536836698305
4.314169406890869 4.97742722342116
4.363157749176025 5.387475748868871
4.415976047515869 5.920507900875811
4.469545364379883 6.33741787152514
4.525003433227539 6.61663658143936
4.582806587219238 6.961673426541978
4.647676467895508 7.237435758240724
4.703989505767822 7.414435141434484
4.749542236328125 7.477075744941536
4.783265113830566 7.4757364405994124
4.816122531890869 7.532282605340131
4.855861186981201 7.516481788308302
4.907011032104492 7.668877374016909
4.965594291687012 8.000369788999071
5.028623104095459 8.377643030344613
5.08349084854126 8.609637894623361
5.130192279815674 8.82287936128027
5.174349784851074 8.95742130390419
5.220560073852539 9.08295978670656
5.2702460289001465 9.31455716097557
5.329831600189209 9.583905387739826
5.387291431427002 9.859370228393537
5.44455623626709 10.1979842426617
5.505102634429932 10.502835952039524
5.565059185028076 10.766091933070399
5.621292591094971 10.879372831167819
5.680877685546875 10.984779632218522
5.740685939788818 11.15162909820529
5.790288925170898 11.286130266229277
5.833598613739014 11.457610919817755
5.873866081237793 11.589466111949141
5.912487506866455 11.619687931713264
5.954749584197998 11.735107375786834
5.9984130859375 11.857228064949696
6.043276786804199 11.991200163457727
6.089491367340088 12.150980390327415
6.138186931610107 12.154697468317801
6.1881489753723145 12.319884917014214
6.236833095550537 12.423523619593484
6.287990093231201 12.534235294797204
6.344513893127441 12.540282676649644
6.402010440826416 12.59194761857393
6.46079683303833 12.694909057143304
6.524105548858643 12.76845066309743
6.587037086486816 12.884919159187314
6.649632930755615 13.062165996262976
6.703512668609619 13.1629535407553
6.75540018081665 13.276522540044335
6.80423641204834 13.395655146937353
6.845694541931152 13.460153346747482
6.892763137817383 13.522859168431186
6.946855545043945 13.535774241220642
7.010011672973633 13.559945234075673
7.075205326080322 13.616396464527913
7.146243095397949 13.659341305607606
7.218059062957764 13.782309855936028
7.284290313720703 13.843308742353559
7.345669269561768 13.880257495780546
7.4067559242248535 13.998764027812452
7.460592746734619 14.053176627235755
7.5163068771362305 14.008708269878824
7.577299118041992 14.039919516129146
7.635887622833252 14.033932417072405
7.690046310424805 14.066116997608496
7.741150856018066 14.01475018971726
7.8017578125 13.89057468825995
7.864243984222412 13.901739834049964
7.919810771942139 13.942463773146555
7.969506740570068 14.016490510589056
8.016653060913086 13.953390612253315
8.063568115234375 13.89732034296823
8.11497688293457 13.835118916196723
8.16779899597168 13.809511074790192
8.22186279296875 13.818683063588027
8.272128105163574 13.854785848115762
8.317512512207031 13.87366640494633
8.358319282531738 13.921301544093172
8.396167755126953 13.91001805047724
8.437677383422852 13.913715409415921
8.478617668151855 13.863141227286661
8.518880844116211 13.804655974929581
8.560273170471191 13.807273337322856
8.60405158996582 13.738345826728043
8.65217113494873 13.819531611886594
8.691835403442383 13.896902563921467
8.728747367858887 13.874492901663245
8.7642822265625 13.875279912594664
8.805597305297852 13.843073886890082
8.852279663085938 13.759145371626767
8.903432846069336 13.730068372854937
8.95869255065918 13.711900866253128
9.017184257507324 13.766647793061278
9.068169593811035 13.854205981620888
9.115869522094727 13.837008986429487
9.161604881286621 13.862954345435694
9.210824012756348 13.8049986134041
9.263996124267578 13.758112340181569
9.322591781616211 13.754526860043851
9.382922172546387 13.792208285320232
9.43826675415039 13.86888706691045
9.494939804077148 13.778347310649115
9.555191040039062 13.79264607783146
9.622859954833984 13.738689058977203
9.695656776428223 13.696786234775669
9.76841926574707 13.76810703161574
9.829976081848145 13.811086348078364
9.884469985961914 13.862020166234673
9.940373420715332 13.851783107043154
9.993671417236328 13.815401608047305
10.049450874328613 13.696870097993473
