0.7258040308952332 6.8958363929306765
0.8041324019432068 6.578073722093084
0.8935365080833435 6.438709803390891
0.969050943851471 6.355257047504424
1.0473233461380005 6.226159175401044
1.115105390548706 6.180994180850668
1.1781984567642212 6.0742215347529385
1.2403148412704468 6.110241422306004
1.300172209739685 5.9746652659394375
1.3579390048980713 5.907407090085834
1.414587140083313 5.7813827189659515
1.465687870979309 5.770296105945494
1.5181472301483154 5.6527011219627346
1.578654170036316 5.568113640790439
1.6382123231887817 5.505959723368904
1.697021245956421 5.426057800981168
1.759177327156067 5.254008491424786
1.8265053033828735 5.151168833500934
1.8964930772781372 4.996928959970155
1.9666383266448975 4.792640104056153
2.032785177230835 4.6056869548019845
2.0961575508117676 4.376140123609175
2.152254819869995 4.278101966095062
2.207826614379883 4.138143664405425
2.260331392288208 3.98786000455451
2.3100247383117676 3.8502404526597505
2.364468574523926 3.7104881507480267
2.415205717086792 3.546937072504487
2.462712526321411 3.3990342897222794
2.5084280967712402 3.2713143186937335
2.5537455081939697 3.122087488054356
2.599698305130005 2.919856714188937
2.6448400020599365 2.7836968673400295
2.686689615249634 2.7170932307253555
2.72597336769104 2.6034648435631333
2.7659571170806885 2.5352581186152787
2.8046443462371826 2.4119355945874528
2.841181516647339 2.374267025788748
2.880249500274658 2.2581941295590577
2.920105218887329 2.268370645421262
2.9593873023986816 2.237348142322475
2.9970338344573975 2.200250990044921
3.0349907875061035 2.225800371460561
3.072551727294922 2.1736152010784204
3.110358953475952 2.119903433124744
3.144123077392578 2.0796527049460622
3.1756200790405273 2.043393047599135
3.206094980239868 1.9883496718744798
3.2369208335876465 1.8678537397940553
3.2684032917022705 1.7695368787193706
3.301272392272949 1.7048271852087113
3.337331533432007 1.6583949607757709
3.3741250038146973 1.69434478725943
3.4093682765960693 1.7538070997937771
3.442659854888916 1.8428019744332782
3.4740867614746094 1.932172672916997
3.5047378540039062 2.02597367952042
3.537651538848877 2.0479716220793653
3.5726466178894043 2.192230588474908
3.6070849895477295 2.315189977604112
3.643000364303589 2.3889064031026566
3.679009199142456 2.4987997331824516
3.715393543243408 2.6513299860050035
3.7488455772399902 2.780343832047103
3.7824742794036865 2.8690321747853917
3.8167760372161865 2.976685396431828
3.855081796646118 3.0810255660285724
3.893822431564331 3.2560118798564184
3.933607339859009 3.362627417714074
3.9750747680664062 3.426199816246265
4.0140862464904785 3.6078918682799586
4.051289081573486 3.752162082618777
4.089288234710693 3.9476800197038395
4.129510879516602 4.215015472478722
4.167847156524658 4.448637634353121
4.208131790161133 4.692819489191089
4.249854564666748 4.995799146154749
4.291702747344971 5.252370877287934
4.330857276916504 5.567486476815779
4.370843887329102 5.776836686089612
4.409635066986084 5.946988440718135
4.444787502288818 6.196637280551153
4.4787821769714355 6.417065948164355
4.511330604553223 6.56110574662516
4.543854236602783 6.8091565607461755
4.575565814971924 7.041248054946651
4.608040809631348 7.2350382280481345
4.647465705871582 7.410105174735397
4.691962242126465 7.727515152546103
4.741114139556885 8.083878570694942
4.790769100189209 8.334346571213736
4.840386390686035 8.642673133614736
4.886774063110352 8.935706966025956
4.932079792022705 9.329269866644815
4.976832866668701 9.760573380586411
5.023052215576172 10.165500805335661
5.076681613922119 10.606822777278921
5.132260322570801 11.032381834702555
5.19403600692749 11.401906439615273
5.269689083099365 11.872903938651957
5.355031490325928 12.351118852795866
5.431008338928223 12.849506505984536
5.504169940948486 13.102368149838965
5.600930690765381 13.63317192940877
5.680865287780762 14.033313014219612
5.7652058601379395 14.374940383331772
5.8395843505859375 14.581281602854535
5.916195869445801 14.898023756588726
5.992429256439209 15.096663604443263
6.068591117858887 15.488094955353732
6.143017768859863 15.676817379097631
6.204284191131592 15.95145818603688
6.265481948852539 16.127748717447425
6.3155694007873535 16.30022912514684
6.368488788604736 16.359404728404158
6.419196605682373 16.509850096056507
6.46561336517334 16.578779050175203
6.512396335601807 16.627785836145257
6.555569171905518 16.793255689443463
6.601814270019531 16.835508045373686
6.6479716300964355 16.998862711648464
6.6959638595581055 17.081978665903762
6.74075174331665 17.225000013822775
6.788567543029785 17.288477693564257
6.843941688537598 17.22326445122841
6.904604434967041 17.337218394461104
6.972811698913574 17.339940891916324
7.046844959259033 17.367730484361513
7.119382381439209 17.46582150372403
7.185150623321533 17.54145016796399
7.2389302253723145 17.697205896515566
7.293977737426758 17.718921917853297
7.346743106842041 17.745888554316455
7.394785404205322 17.88526629251624
7.438658237457275 17.964973506772658
7.482171535491943 17.90020161377391
7.528005599975586 17.97677444796279
7.5757598876953125 17.901179569492296
7.628807067871094 17.888645026483402
7.681305408477783 17.93602354308018
7.73182487487793 18.01070453336082
7.7826409339904785 17.946514103058693
7.834060192108154 18.007494437337126
7.877691745758057 18.105339131819758
7.92081356048584 18.103754903294234
7.964286804199219 18.159791101259053
8.00780963897705 18.1817516627777
8.050159454345703 18.126595959182993
8.094853401184082 18.15662545642717
8.135507583618164 18.180207292295673
8.175259590148926 18.19833232517728
8.217251777648926 18.148701579518214
8.261460304260254 18.121586014224427
8.306459426879883 18.121766907426267
8.354070663452148 18.105925150090343
8.401219367980957 18.17687113002685
8.450189590454102 18.223624682973522
8.500727653503418 18.172719024183017
8.554200172424316 18.178505438828907
8.606610298156738 18.160669943259006
8.663039207458496 18.15403972908259
8.722304344177246 18.18000959411002
8.77807903289795 18.283977820146774
8.8265962600708 18.281176358734243
8.874211311340332 18.337262833572822
8.921141624450684 18.333057963726457
8.970614433288574 18.40546522700624
9.01646900177002 18.392917178621182
9.06248664855957 18.348697769228444
9.1094331741333 18.402614093417768
9.159235000610352 18.3947497441939
9.212342262268066 18.350793444595656
9.260613441467285 18.35361784235193
9.309622764587402 18.40961006149354
9.357378005981445 18.348942489325534
9.407033920288086 18.364614618482964
9.454765319824219 18.406909344308346
9.502124786376953 18.432639228249
9.5449800491333 18.420782472178736
9.586053848266602 18.393844522974653
9.628059387207031 18.422288387363324
9.671700477600098 18.366127859288543
9.716557502746582 18.294607468548254
9.760401725769043 18.329381441498082
9.805501937866211 18.27882451017667
9.854745864868164 18.25370977840997
9.903824806213379 18.167089424288392
9.960922241210938 18.045568037997207
