1.58247971534729 6.026290171794566
1.7199044227600098 5.1288822040262545
1.8119796514511108 4.57579072865657
1.8765565156936646 4.273921940893334
1.9298044443130493 3.908774497746737
1.975830316543579 3.56384695170338
2.0190539360046387 3.2402007759402625
2.062397003173828 2.9973307349819187
2.104947805404663 2.906625224405239
2.1474268436431885 2.864628490864936
2.1885383129119873 2.7679975945013267
2.2278354167938232 2.709543817430614
2.2686069011688232 2.6643997584900183
2.309685707092285 2.698783913856976
2.3539981842041016 2.640602932760577
2.4077024459838867 2.5743493431953057
2.4559266567230225 2.396442933403776
2.495408773422241 2.4157360715635634
2.5297253131866455 2.379887107558801
2.5570602416992188 2.4485887297349507
2.578669786453247 2.4814533990431897
2.601170778274536 2.3410704208679087
2.6246531009674072 2.216171886966709
2.649508476257324 2.0502078324510813
2.6794204711914062 1.7878858125801287
2.714890241622925 1.721278760811899
2.74737548828125 1.7442137140370113
2.774258613586426 1.886551057225054
2.797292947769165 1.8855300610378556
2.8241090774536133 1.8377387404133756
2.8543472290039062 1.7684870189354436
2.8877785205841064 1.770540278292552
2.921560287475586 1.765044521363888
2.9589602947235107 1.7586195731770624
2.9952311515808105 1.849761027172482
3.0294394493103027 2.0173050544267
3.0668113231658936 2.095603558783735
3.1085450649261475 2.2287628168428295
3.1522998809814453 2.413453977292838
3.1995089054107666 2.608656634717661
3.252410888671875 2.6711616690025743
3.302640199661255 2.7430521670725425
3.3511953353881836 2.815473878212642
3.4027349948883057 2.8661566771999856
3.454887866973877 2.9591495045542806
3.507727861404419 3.0633749744678123
3.5574426651000977 3.3031069588918
3.5989181995391846 3.4832138614636934
3.642028331756592 3.5881195482235886
3.6907217502593994 3.72721849782576
3.731719493865967 3.793637706423106
3.7688546180725098 3.848616237441572
3.808152198791504 3.7478481329102262
3.849531412124634 3.749279384290022
3.8917832374572754 3.767654868384948
3.928755760192871 3.8144230342104635
3.9631783962249756 3.870575954862411
3.999349355697632 3.93725866959757
4.040151119232178 3.964821373811859
4.086269855499268 4.139322872897749
4.132116317749023 4.442242301758028
4.173550128936768 4.792087206222761
4.207964897155762 4.895559507188084
4.240841388702393 5.005373575551575
4.2755608558654785 5.069183793219903
4.315813064575195 5.298712166075908
4.358213901519775 5.488239942109154
4.397470474243164 5.7083347566427145
4.429599761962891 5.664794069268488
4.462648868560791 5.763465074843608
4.500253677368164 5.8650789531835335
4.542706489562988 6.187317572272864
4.590712070465088 6.627922007586125
4.6410112380981445 7.044197454501916
4.685232639312744 7.524928629686539
4.725022315979004 7.679473360458792
4.761821269989014 7.818602517642215
4.797019004821777 7.988177025592115
4.829565525054932 8.319365769698571
4.861294746398926 8.453497682949994
4.8998703956604 8.683326178551276
4.934179782867432 8.778698235650257
4.971734046936035 8.891166313034384
5.00020694732666 9.081073479872071
5.023756980895996 9.25716746204742
5.046994209289551 9.21974517542153
5.073373794555664 9.312877982256769
5.106148719787598 9.3900897628067
5.148903846740723 9.597021266950106
5.19333553314209 9.871418129438538
5.2421183586120605 10.14548091973554
5.296714782714844 10.529052043429658
5.350571632385254 10.850638584666449
5.406557083129883 11.208617310605591
5.458647727966309 11.48656467284517
5.517746448516846 11.842491441743226
5.57076358795166 12.017197254214235
5.623554229736328 12.087567220174513
5.682333469390869 12.282484033606426
5.7452073097229 12.430345303943383
5.8071770668029785 12.756381897111254
5.8541951179504395 12.90063839355118
5.891976833343506 12.962683405076861
5.923017501831055 13.151874890020204
5.953830718994141 13.299733615751633
5.989128112792969 13.525429377183768
6.037818908691406 13.866134415593166
6.11065673828125 14.247929320088005
6.181944847106934 14.674518708707682
6.24098539352417 15.015237291429154
6.292264938354492 15.134504800896385
6.346771240234375 15.403640031972179
6.398834228515625 15.671969335829361
6.466815948486328 16.00634100159305
6.5383782386779785 16.27358536451811
6.622235298156738 16.1982227586328
6.708531856536865 16.25773848242237
6.796640396118164 16.407111252996664
6.872488021850586 16.46141640331451
6.946934223175049 16.687445058831432
7.008246421813965 16.90206107975705
7.062786102294922 16.94758241084913
7.114092826843262 16.971348013102904
7.15342378616333 17.032321742523912
7.195218086242676 17.019499326097833
7.243397235870361 16.934840003129207
7.294866561889648 16.941057623614824
7.343142032623291 17.144775240197923
7.391318321228027 17.170961087790687
7.43904972076416 17.262468318978186
7.490478038787842 17.336956368483314
7.5459136962890625 17.380086712659043
7.599634170532227 17.408746268435955
7.65154504776001 17.501353438422804
7.699698448181152 17.56996867752304
7.753993988037109 17.481149565177127
7.819222927093506 17.46683561509779
7.889864921569824 17.52364552126138
7.951976299285889 17.61191508496271
8.010807991027832 17.670246936539506
8.073559761047363 17.748337008901068
8.13575553894043 17.660409823850873
8.195321083068848 17.698219385696742
8.250862121582031 17.76301767559108
8.307249069213867 17.770615219969972
8.361244201660156 17.740760529443833
8.416058540344238 17.670647171413975
8.474251747131348 17.625898762258075
8.531335830688477 17.611921413779985
8.594036102294922 17.58058370226543
8.661702156066895 17.46072690208968
8.733667373657227 17.504965180820605
8.797708511352539 17.546987563907695
8.846638679504395 17.601937445902028
8.895431518554688 17.533801722898183
8.944372177124023 17.484524255360085
8.992255210876465 17.584430317057386
9.0355863571167 17.62540546026852
9.075505256652832 17.614726699677174
9.113264083862305 17.4844908444276
9.161252975463867 17.415931038773607
9.210183143615723 17.296400779815976
9.262380599975586 17.31754298979176
9.305811882019043 17.281116113802792
9.34301471710205 17.32814425588303
9.377629280090332 17.298596074667213
9.414175033569336 17.087173378818118
9.46588134765625 16.934045520438637
9.52042293548584 16.91617187109488
9.57075023651123 16.909874212516403
9.61507797241211 16.951981499855638
9.659610748291016 16.795383287053856
9.708874702453613 16.68400723951647
9.762136459350586 16.613498812893404
9.817071914672852 16.624576487216135
9.866870880126953 16.49480667846765
9.91776180267334 16.403752100505642
9.9745454788208 16.248285245512594
10.031988143920898 16.177530828136852
10.088788986206055 16.076911601236496
10.141335487365723 16.044750670464527
10.195770263671875 15.944881675647167
10.246817588806152 15.807779194542361
10.299540519714355 15.713098197261163
10.357986450195312 15.533040538424832
10.415355682373047 15.409536696611058
10.476190567016602 15.492732466188363
10.522687911987305 15.340426274369703
