0.8809395432472229 8.51793718657783
1.0072312355041504 8.228228159317133
1.134265422821045 7.814023143384117
1.2400383949279785 7.50340001047685
1.3513555526733398 7.137170889738496
1.4572970867156982 6.9562905624546625
1.5481129884719849 6.6521110356685735
1.6334037780761719 6.385039774994528
1.7094441652297974 6.136458791868145
1.7797313928604126 5.85384793367741
1.8426567316055298 5.62841406666539
1.898708462715149 5.480845728533162
1.9453526735305786 5.363848983046958
1.9907476902008057 5.248444977668244
2.031435251235962 5.038826425065399
2.0741782188415527 4.922335973961196
2.118299961090088 4.724384794576823
2.16664457321167 4.490759618892812
2.2161004543304443 4.274671420423073
2.268103837966919 4.066750142763422
2.3163137435913086 3.935210854720158
2.3618850708007812 3.8163789362174962
2.40268611907959 3.7203828624830306
2.4435417652130127 3.5836532458555275
2.481916904449463 3.500644400617128
2.5202834606170654 3.329375877171242
2.5586936473846436 3.184813727248199
2.598996162414551 3.0105040750061756
2.6382124423980713 2.7947045046712535
2.6806044578552246 2.630820773683692
2.720471143722534 2.4854259781231245
2.756747245788574 2.3797687820775453
2.793959856033325 2.213894757508894
2.8311972618103027 2.097057844899624
2.866278648376465 2.024560991705084
2.8992724418640137 1.9830294468692897
2.9297914505004883 1.8674494013072138
2.9595255851745605 1.8601063229522472
2.9875423908233643 1.8669531762872384
3.015065908432007 1.8801677803995243
3.0410890579223633 1.8866819077435015
3.0668108463287354 1.8876455069353524
3.0933172702789307 1.9213664637161323
3.1212151050567627 1.919381725999213
3.1512069702148438 1.894385447677435
3.1838271617889404 1.8747743650783557
3.2208096981048584 1.8421913994854489
3.257519483566284 1.7864283390019224
3.2956292629241943 1.862292490010744
3.330840587615967 1.961110711629153
3.3645293712615967 1.995586134888669
3.3978397846221924 2.076325472867452
3.4301679134368896 2.150622399896562
3.462580442428589 2.264972472486585
3.4932799339294434 2.3675256364821533
3.5223774909973145 2.514937389889128
3.552105188369751 2.668620667928526
3.5811822414398193 2.8767301927747115
3.6104238033294678 3.044356017866148
3.641385793685913 3.1863699960114156
3.6719741821289062 3.363083519538548
3.705382823944092 3.513731122654506
3.738729476928711 3.7125671508144675
3.772021770477295 3.8880258787332536
3.8049685955047607 4.09346225687584
3.839276075363159 4.183834813591289
3.8753366470336914 4.2763402126900925
3.915562391281128 4.436311726687337
3.9561867713928223 4.63318491201972
3.9980576038360596 4.961960463723409
4.038528919219971 5.116483903858487
4.079712867736816 5.351460898649424
4.120659351348877 5.6006183623882375
4.162970542907715 5.926799194592774
4.208324909210205 6.31336705042204
4.259786128997803 6.660984723876524
4.311047554016113 7.083744401323614
4.358760356903076 7.493005813859968
4.4066081047058105 7.77818424350032
4.453423023223877 8.084728397734814
4.498930931091309 8.41741924565534
4.546778678894043 8.688211001837246
4.595028400421143 9.022759307308197
4.638681888580322 9.323997583625117
4.680750846862793 9.640951546925656
4.719559669494629 9.914640197960269
4.759408950805664 10.215537478402226
4.804764270782471 10.550549337543721
4.85125732421875 10.896685289776455
4.90431547164917 11.20158399377598
4.963212013244629 11.746978245327032
5.019768238067627 12.254664819334547
5.091951370239258 12.930028216262091
5.169876575469971 13.60591883606988
5.250462532043457 14.026475070448281
5.322539806365967 14.397132381368271
5.388041019439697 14.648865829019906
5.445866584777832 14.996663822609923
5.504973888397217 15.164563617229376
5.561698913574219 15.393179315397148
5.6154398918151855 15.68951093098764
5.6630425453186035 15.859140794746962
5.711873531341553 16.094804961046755
5.758455753326416 16.225980647812246
5.80951452255249 16.275166451532154
5.861910343170166 16.412901874912528
5.912956714630127 16.703879817370513
5.959094524383545 16.836302226656507
6.004756927490234 16.939187247704535
6.057835102081299 17.14005444248085
6.111818313598633 17.421405462795835
6.1624956130981445 17.627453488893796
6.215390205383301 17.875213118564446
6.263598442077637 18.159278935437257
6.304673671722412 18.255861739416314
6.350922107696533 18.397128874846942
6.403342247009277 18.630164737828895
6.465632915496826 18.74134106168498
6.537102222442627 19.043744713943003
6.610850811004639 19.367523716115215
6.6796088218688965 19.583539066692317
6.747023582458496 19.811540025334253
6.823777675628662 19.98544487071732
6.895437717437744 20.140631054043972
6.958798885345459 20.306690691501867
7.015486240386963 20.567655270695013
7.063940048217773 20.743273150740606
7.112239360809326 20.68877425181388
7.15958309173584 20.73901785888652
7.209044456481934 20.787122540530138
7.263465881347656 20.76960326139384
7.320834159851074 20.822789398762758
7.378601551055908 20.901267881113228
7.434589385986328 21.018723870368575
7.486774921417236 21.193225117346927
7.541476726531982 21.210562079943227
7.604455947875977 21.310354152837224
7.665515899658203 21.374594144207705
7.724611759185791 21.446756499746105
7.780647277832031 21.516037258391563
7.834005355834961 21.543512236495737
7.884327411651611 21.586236585665525
7.930552959442139 21.647610935406362
7.97550630569458 21.671945562991848
8.022795677185059 21.576452518113374
8.070914268493652 21.718623082096787
8.115986824035645 21.580812098489208
8.164592742919922 21.529022702894515
8.212772369384766 21.54681362085468
8.262177467346191 21.4764562630452
8.314627647399902 21.51871884793774
8.3659086227417 21.523270657887984
8.415549278259277 21.54441023670595
8.461295127868652 21.534350136658055
8.507619857788086 21.538508002770588
8.552347183227539 21.586058809231663
8.597757339477539 21.597392757914147
8.637903213500977 21.542374394304684
8.682238578796387 21.503584525455874
8.73020076751709 21.47404949106656
8.780025482177734 21.40061133289298
8.829062461853027 21.407903584610516
8.88017463684082 21.333027770444666
8.938316345214844 21.221100791949596
8.994434356689453 21.321355561328332
9.04750919342041 21.305229212549413
9.097243309020996 21.36296891008403
9.145105361938477 21.357139625682375
9.19489574432373 21.240505810547127
9.248679161071777 21.24814259322505
9.303106307983398 21.248389677946932
9.354068756103516 21.295772985299397
9.405787467956543 21.242078756676197
9.458237648010254 21.294721716917426
9.510147094726562 21.2645896798617
9.56196403503418 21.308496301092795
9.613057136535645 21.283160306276372
9.662084579467773 21.266215046378623
9.715978622436523 21.20400439185781
9.770686149597168 21.21037126248786
9.831646919250488 21.107322737931245
9.8936185836792 21.1645285825472
9.953255653381348 21.06271303150251
10.013968467712402 21.02489294566962
10.069795608520508 20.987576518534805
10.12185287475586 20.994339025739922
10.177539825439453 20.915571398043323
10.237466812133789 20.780861282239076
