1.7518253326416016 11.796326297608239
1.831003189086914 10.952696896512434
1.894781231880188 10.512181771071068
1.9476678371429443 10.018465397473927
1.9926550388336182 9.598636899019905
2.033205270767212 9.380158367087054
2.069500207901001 9.283612158766223
2.103855609893799 9.240020561322927
2.1409239768981934 9.219175045585398
2.179733991622925 9.116923078970288
2.2193355560302734 9.038064562624376
2.2596356868743896 8.901073814285718
2.3019602298736572 8.796169506619256
2.3473451137542725 8.583876359532443
2.3934385776519775 8.425257166588981
2.4417383670806885 8.074567225970316
2.4919657707214355 7.935494725976679
2.5406274795532227 7.6895822001351135
2.590526580810547 7.505004100004448
2.6433887481689453 7.218013445137948
2.691513776779175 6.853824581975751
2.735748529434204 6.542064242453502
2.778263568878174 6.503781011872007
2.8220601081848145 6.387754977511678
2.868765115737915 6.261450644120308
2.9101529121398926 6.046068520732613
2.950528860092163 5.8764080634658615
2.988607406616211 5.636691279321765
3.027635335922241 5.421005756799505
3.069385290145874 5.30849284652643
3.113518714904785 5.23810262261234
3.15826153755188 5.061050485507334
3.1977322101593018 4.958907602122172
3.2350971698760986 4.953391313578921
3.2756741046905518 5.051302548848732
3.317441701889038 5.200632342560382
3.359189748764038 5.116057353946686
3.4014594554901123 4.889204119166165
3.4451096057891846 4.8546812741445775
3.4907164573669434 4.840159220681917
3.548189878463745 4.9638373631787305
3.624096155166626 4.597713587909661
3.668738603591919 4.1742572023732905
3.7054409980773926 3.85458270701901
3.738799810409546 3.6453559270442364
3.7741291522979736 3.4136536601017275
3.8077778816223145 3.342066610626039
3.8390707969665527 3.2633959162928385
3.869447708129883 3.21133264367279
3.8999764919281006 3.2268898259696774
3.9332404136657715 3.112794321277385
3.9724769592285156 3.098456465958543
4.01310396194458 2.9908217962390222
4.0528035163879395 2.8860368030321855
4.0951409339904785 2.651898156114028
4.137814521789551 2.57226824382366
4.181618690490723 2.5404847066311933
4.225569725036621 2.520394959213378
4.265754222869873 2.5970327151363595
4.302400588989258 2.5191191726866506
4.337998867034912 2.4995204390882892
4.370947360992432 2.4040274328640505
4.406332969665527 2.29372511116905
4.440240383148193 2.2762956233327256
4.473437786102295 2.200005498530472
4.503750324249268 2.1998345966163453
4.534370422363281 2.092439852696266
4.566455841064453 2.0539249393910928
4.596431732177734 2.035272757703349
4.627142906188965 2.121705308932706
4.656691074371338 2.1402132107520524
4.686519622802734 2.1532903886390837
4.715181827545166 2.1447730170095145
4.7486772537231445 2.057002579310357
4.784936904907227 2.009288582032921
4.821722984313965 1.8673667210428835
4.861546039581299 1.8409869490673902
4.902002811431885 1.8412264762322983
4.938915729522705 1.9230172863200288
4.972471237182617 1.99382473815571
5.002139568328857 2.125261516028181
5.030139923095703 2.158729651385204
5.058389186859131 2.1694789438028264
5.087387561798096 2.205278997129544
5.120136260986328 2.262451464601754
5.153751373291016 2.318301184598012
5.187766075134277 2.4472418625277084
5.222799301147461 2.577848951844796
5.259868144989014 2.73729562316547
5.298285484313965 2.944613306790951
5.335549831390381 3.1324177019782504
5.378513336181641 3.346020909568162
5.425531387329102 3.6005451802357724
5.476624011993408 3.9390884969349464
5.527403831481934 4.042051557686722
5.582448959350586 4.266670584558863
5.6396331787109375 4.5086326745107455
5.704864501953125 4.812229908804003
5.779603004455566 4.994386132778025
5.845677852630615 5.038737991655498
5.906025409698486 5.100851778951686
5.964972496032715 5.086204833471525
6.0189433097839355 5.183556671259545
6.070632457733154 5.345570986683189
6.117978096008301 5.603507673682194
6.164082050323486 5.767469684762282
6.2116217613220215 5.840887259381664
6.266079425811768 5.917868740329236
6.31919527053833 6.080376719754571
6.370896339416504 6.216769576189724
6.418198108673096 6.332012289645955
6.467010498046875 6.396250249078558
6.5185160636901855 6.410705178524703
6.571026802062988 6.479861888032624
6.623037815093994 6.571914756378783
6.67601203918457 6.67928734187678
6.726706504821777 6.821962978253852
6.775119304656982 6.92194135707511
6.821786880493164 7.043601327896728
6.870228290557861 7.140877747716597
6.918375492095947 7.25448491101706
6.973698139190674 7.236499420412893
7.026007652282715 7.311485570861151
7.076225757598877 7.408766859762329
7.124390125274658 7.400599908790173
7.17914342880249 7.436862451048855
7.233219146728516 7.420283844267049
7.288687705993652 7.449959993038712
7.338563919067383 7.605796115074821
7.384941101074219 7.6013624127665365
7.430187702178955 7.654852320383045
7.471739768981934 7.733871189976015
7.513522624969482 7.742367001347818
7.557583808898926 7.7009392005840045
7.609594345092773 7.57887385010189
7.666379928588867 7.640398088173465
7.71751594543457 7.616733471231269
7.7657036781311035 7.747930558408344
7.8107194900512695 7.724119012782682
7.852263450622559 7.750670432496983
7.898630142211914 7.684533290316294
7.945173263549805 7.631193943628384
7.998065948486328 7.591834382194808
8.051814079284668 7.581658679269816
8.104057312011719 7.5893296732019575
8.153234481811523 7.522401662819024
8.200541496276855 7.565117808628605
8.24608039855957 7.656211107741499
8.288853645324707 7.6407350149508435
8.329766273498535 7.641290105724423
8.367293357849121 7.698182790912757
8.403353691101074 7.598559174307789
8.440018653869629 7.62465468958712
8.47692584991455 7.6445388956493785
8.513407707214355 7.612185000306489
8.549986839294434 7.51436668191977
8.589341163635254 7.474337481647674
8.629620552062988 7.5273108070721655
8.670524597167969 7.492767048943758
8.710065841674805 7.453471172254257
8.749873161315918 7.3578737290001435
8.793749809265137 7.349225303608038
8.839591979980469 7.3207376805527264
8.8846435546875 7.263632460444302
8.929197311401367 7.2753405843234775
8.97417163848877 7.199399330963825
9.021451950073242 7.111495568897218
9.076122283935547 7.055666518034506
9.13196849822998 6.945158429914147
9.191861152648926 6.883679354761117
9.258294105529785 6.871829403217505
9.320847511291504 6.8863652133213655
9.38471794128418 6.884774680027208
9.44179630279541 6.914522647347477
9.495165824890137 6.90431088620645
9.544290542602539 6.934233828470557
9.597009658813477 6.810044969996091
9.653443336486816 6.761748281396255
9.712034225463867 6.730818943891369
9.770821571350098 6.638704000716437
9.828924179077148 6.675039153581543
9.885476112365723 6.62026832619335
9.944723129272461 6.488324510599089
10.013075828552246 6.31223291779301
10.082320213317871 6.255130696426572
10.143915176391602 6.1136810939317074
10.20384407043457 6.193078834231154
10.257796287536621 6.0911142579512925
