0.7926599979400635 6.450400407577165
0.9099159240722656 5.756269809253164
1.0016049146652222 5.5032461505774535
1.083737850189209 5.251543054952899
1.1614151000976562 5.144550764833199
1.2297613620758057 4.976185779988093
1.3025366067886353 5.003619480215819
1.3745931386947632 5.053559141450769
1.4382286071777344 4.945836430530274
1.5210723876953125 4.86535112489315
1.589200496673584 4.525271644534492
1.6526597738265991 4.208520371743647
1.7042614221572876 4.032932480590429
1.7515608072280884 3.8341466710621797
1.7968512773513794 3.663371447282719
1.8370054960250854 3.5369520954464244
1.8784445524215698 3.43264303164604
1.9201996326446533 3.248312627397137
1.9651089906692505 3.1056346648309994
2.0103940963745117 2.9735075139049787
2.052884817123413 2.8679342260764424
2.0914862155914307 2.743144101528684
2.1321609020233154 2.5895392412168534
2.169825792312622 2.4605793218615606
2.20770525932312 2.3652768869671923
2.2481093406677246 2.3474871724620283
2.2900922298431396 2.4489661890975034
2.3362112045288086 2.4761966020499244
2.3862662315368652 2.4727692598684525
2.437284469604492 2.466376825653306
2.49215030670166 2.3031822215840383
2.540436029434204 2.163868455297208
2.583925724029541 1.9557422603629793
2.6226747035980225 1.8067964774202685
2.6583356857299805 1.7371818284108804
2.691617250442505 1.7302857515262098
2.725630044937134 1.7564632472367006
2.7605559825897217 1.8041262925769015
2.797273874282837 1.914169878078655
2.836425304412842 2.1024498661795117
2.879378318786621 2.1348688750046687
2.922435998916626 2.105773356390374
2.967137098312378 2.081018825313389
3.0061705112457275 2.0810224115834957
3.0464460849761963 2.0515933789039082
3.0839240550994873 2.13330024215568
3.1170032024383545 2.219740629631359
3.1480560302734375 2.205379466450387
3.1792080402374268 2.282298862877021
3.20927357673645 2.296878285153998
3.2441868782043457 2.2905847265287953
3.2772669792175293 2.429394712149949
3.309835910797119 2.531266420727604
3.3478970527648926 2.590643929308002
3.3935744762420654 2.751622785902643
3.4502580165863037 2.965156790768424
3.5153920650482178 3.0906926851484826
3.5718472003936768 3.1926874751490333
3.6224465370178223 3.22522444826625
3.6626052856445312 3.191204529173811
3.6974411010742188 3.140414534338573
3.729321241378784 3.2215150671258
3.759392261505127 3.22120314545645
3.7884299755096436 3.2707457405398523
3.818931818008423 3.3466918623541124
3.8495378494262695 3.5226269849779137
3.880561590194702 3.6212099863810066
3.911776065826416 3.7443608955990535
3.946424722671509 3.801615108244614
3.983628749847412 3.9645260818573607
4.020287990570068 4.129294042654832
4.058084964752197 4.297307896679724
4.095091819763184 4.47099410648556
4.130415916442871 4.592897793747206
4.166771411895752 4.730684779148001
4.204407215118408 4.865785003105686
4.242860794067383 5.041879417564394
4.282035827636719 5.33056313784145
4.318917751312256 5.618198262492594
4.355503559112549 5.94818714780908
4.390997886657715 6.1643738926817955
4.42657995223999 6.390924880963253
4.463526725769043 6.639429962043375
4.503328323364258 7.03347932324615
4.546475410461426 7.407396506486717
4.590147972106934 7.665646393427853
4.638974189758301 7.973919089440399
4.693993091583252 8.442729624166907
4.758279800415039 8.823693129777544
4.821933746337891 9.08188129602586
4.877522945404053 9.380045949193017
4.922076225280762 9.591303656536262
4.962940216064453 9.817412207392955
4.999271869659424 10.006908981560878
5.037482738494873 10.250574247778225
5.072874069213867 10.470964501029806
5.111069679260254 10.602406828904277
5.151198863983154 10.703015138023861
5.1931257247924805 10.956026635828026
5.238273620605469 11.292467475930419
5.282957553863525 11.703090995249326
5.324495315551758 12.114590893817667
5.366307735443115 12.479471623557496
5.412403106689453 13.025545854946053
5.463436126708984 13.455584546163395
5.517107009887695 13.811344166406856
5.575606822967529 14.01849184649628
5.635463237762451 14.33047465634733
5.694693088531494 14.65661911229157
5.753602027893066 15.080594047809292
5.812679767608643 15.491969295695114
5.869311809539795 15.762309583065228
5.919641494750977 16.039707332527502
5.976487159729004 16.525608921719375
6.0535759925842285 17.709634373084185
6.239557266235352 18.722400433935693
6.394408702850342 19.04672088025752
6.5201640129089355 19.45561517372138
6.629718780517578 19.909587625576805
6.723117351531982 20.1397370512444
6.810978412628174 20.489490083912333
6.885227203369141 20.563785711234065
6.950379371643066 20.679358549963727
7.018056392669678 20.70360454883229
7.081307888031006 20.868370951279562
7.138564586639404 20.9500472284183
7.191221714019775 21.025988303176057
7.251293659210205 20.968920795466918
7.315587043762207 20.979148024117777
7.378357887268066 20.94326190066383
7.441645622253418 20.999507779109752
7.506494045257568 21.032423081535505
7.567054748535156 21.020731248072213
7.626053333282471 21.078148254073756
7.680490970611572 21.02300349128341
7.736514568328857 21.076275179424293
7.789194583892822 21.148266665224746
7.8427629470825195 21.207308051674456
7.889781475067139 21.202278742394423
7.939158916473389 21.178206525542528
7.983095169067383 21.21264810749724
8.031431198120117 21.168856351114663
8.081483840942383 21.211432349584413
8.130675315856934 21.2497033313402
8.181689262390137 21.24686682519631
8.230920791625977 21.29895328861667
8.27883243560791 21.29705040632543
8.328390121459961 21.36639286060409
8.375205039978027 21.368930612094204
8.424691200256348 21.384782807398665
8.471953392028809 21.366938456762682
8.52259635925293 21.38049812652174
8.573546409606934 21.32115602049285
8.626094818115234 21.272670698781553
8.680740356445312 21.38401856329824
8.733352661132812 21.34829796018248
8.787186622619629 21.37900479061755
8.837027549743652 21.473628491461252
8.884697914123535 21.494952272587497
8.931396484375 21.419170699247914
8.977701187133789 21.47756162056647
9.022612571716309 21.409112297567244
9.068199157714844 21.441034004470342
9.110438346862793 21.48802197493099
9.149020195007324 21.458178745762364
9.189277648925781 21.426663889050094
9.22734260559082 21.408518249767376
9.2678861618042 21.40146761647175
9.304896354675293 21.48360457170474
9.341456413269043 21.40783744936015
9.379955291748047 21.347994571232384
9.419767379760742 21.299064844797304
9.46337604522705 21.24799763579704
9.51242446899414 21.161738345217003
9.565089225769043 21.110980968944123
9.617289543151855 21.00263157989898
9.677755355834961 20.933142021645875
9.73503589630127 20.932589191429667
9.788193702697754 20.945161288590427
9.840978622436523 20.801515247638648
9.89986515045166 20.777832031115516
9.959527015686035 20.679430401982962
10.0189208984375 20.648518919163983
10.078093528747559 20.635860863958268
10.136301040649414 20.598115799622395
10.189979553222656 20.5480254574691
10.247857093811035 20.342488074405377
10.313577651977539 20.08590207087734
