1.7534912824630737 12.10916528633654
1.8284987211227417 11.491664279600228
1.8884707689285278 11.16130521493944
1.9325940608978271 10.708206259245934
1.9659290313720703 10.511086250606674
1.9994549751281738 10.182790839272267
2.030606508255005 9.988155531209854
2.0602266788482666 9.8805980735442
2.0928566455841064 9.803194350011383
2.130429267883301 9.727408455086124
2.173999786376953 9.695731307482555
2.2198991775512695 9.64394427374651
2.2638700008392334 9.251457194305212
2.304096221923828 9.051972709014734
2.345273494720459 8.844281081979362
2.3859729766845703 8.666393056084772
2.4310836791992188 8.487456144450071
2.47550630569458 8.367617351028827
2.5258824825286865 8.28046447628474
2.5914158821105957 8.132530001937717
2.6569020748138428 7.5698476461939785
2.705153465270996 7.101676690388831
2.7486140727996826 6.87049180520811
2.7916266918182373 6.783563672035119
2.832392692565918 6.719700661630518
2.871849298477173 6.568977452027002
2.9111011028289795 6.298604379283612
2.95135760307312 6.144940094994613
2.9947497844696045 5.982981727646388
3.0384390354156494 5.9125897229121644
3.084615468978882 5.76110501596704
3.125183343887329 5.651458275128246
3.1608428955078125 5.498202483820775
3.1925759315490723 5.310830032290112
3.2198750972747803 5.257728984072222
3.245626211166382 5.294261200540294
3.272829294204712 5.215446203296624
3.303454637527466 5.152835099406263
3.336394786834717 5.034906786442431
3.373581647872925 4.916919307708382
3.412759304046631 4.770979916756836
3.453885078430176 4.684875351985085
3.497934103012085 4.683940922245324
3.546191453933716 4.638411791592622
3.602586269378662 4.365588335393652
3.6551449298858643 4.021216792986489
3.7016212940216064 3.678038556036485
3.743499279022217 3.48293877986458
3.7834622859954834 3.35495952785635
3.822702407836914 3.240804227061013
3.8618452548980713 3.192684181553672
3.900277614593506 3.234560248642826
3.9391281604766846 3.168319641471881
3.980017900466919 3.1018996445790994
4.017701625823975 2.97340541641592
4.053287029266357 2.796043010483336
4.085683822631836 2.747625834294624
4.117414474487305 2.6662738105154626
4.149558067321777 2.6155783278188918
4.186485290527344 2.4966859771058707
4.228690147399902 2.500465062062296
4.269688129425049 2.396663898826091
4.308394432067871 2.314468196175612
4.345748424530029 2.154370755748795
4.383081912994385 2.050913749652587
4.417941093444824 1.9786261464528057
4.450419902801514 1.8989573384431535
4.481390953063965 1.8254413676741073
4.512493133544922 1.750452503189255
4.542471885681152 1.6694294068626079
4.57255220413208 1.7221052131297707
4.6040568351745605 1.744839223806785
4.636432647705078 1.810540643807074
4.669465065002441 1.9062886106490102
4.7045769691467285 1.9135031708797532
4.7436418533325195 1.9555312594254026
4.781461715698242 2.099053675317572
4.818441867828369 2.113031141293529
4.854970455169678 2.066747173552129
4.891486167907715 2.067451668657095
4.927997589111328 2.100533858769963
4.963939189910889 2.2163265757698953
4.999032020568848 2.336776724360731
5.033086776733398 2.429284586193759
5.066494464874268 2.5986485006878195
5.099331855773926 2.724968128613417
5.1327805519104 2.8730723771887074
5.164610385894775 2.944164429596612
5.196678161621094 3.115635556431286
5.229132652282715 3.2313578231188504
5.263204097747803 3.409815745746337
5.295622825622559 3.5131270526853444
5.327607154846191 3.7318961678277134
5.358903884887695 3.9885881238618817
5.389346599578857 4.135485800353535
5.4231061935424805 4.333246308874604
5.463948726654053 4.649207918852313
5.507024765014648 4.980128506143551
5.557250022888184 5.338876002497024
5.612914562225342 5.685861332815323
5.6703619956970215 5.946051401708193
5.726439952850342 6.41538538924961
5.781126976013184 6.713856752933554
5.83191442489624 6.953455514534653
5.882472991943359 7.086818262695686
5.925392150878906 7.115242523420567
5.960870742797852 7.210991660166225
5.99600076675415 7.268973550819417
6.037193775177002 7.503867822865405
6.084258556365967 7.978911280199079
6.140556335449219 8.546495777305436
6.201011657714844 9.005439833945202
6.265756130218506 9.277747267927884
6.328704833984375 9.722847786371918
6.387228488922119 10.019858840356186
6.45481538772583 10.281653112270696
6.529651165008545 10.53433549216946
6.603066444396973 10.76497777900207
6.671751976013184 10.987736689902334
6.744986534118652 11.121118537931205
6.819756031036377 11.264936565518779
6.892128944396973 11.536124658679181
6.957005023956299 11.609747344748872
7.028198719024658 11.819086693395931
7.0981645584106445 11.920595722132159
7.16193962097168 12.072884310750277
7.217653274536133 12.221867736679615
7.273104190826416 12.397714107663615
7.33148193359375 12.379856099560394
7.388558387756348 12.523154871565021
7.445091724395752 12.575437021755722
7.5063982009887695 12.6194027012098
7.57096529006958 12.684196511197431
7.630908012390137 12.795630092982668
7.68965482711792 12.845162350666063
7.7399115562438965 12.976134389478933
7.787114143371582 13.044740334557124
7.8342061042785645 13.026399242443961
7.8837456703186035 13.0291756019209
7.935307025909424 13.04676778601168
7.986846923828125 13.142731836006709
8.04111385345459 13.13640608787665
8.093393325805664 13.141613296002735
8.144803047180176 13.252125898522742
8.189385414123535 13.333704085526392
8.235086441040039 13.350471210997815
8.282696723937988 13.349481445523818
8.329432487487793 13.39333040387925
8.377497673034668 13.330179405739377
8.425204277038574 13.384625634404914
8.473478317260742 13.343744658246932
8.525633811950684 13.391815439298743
8.574494361877441 13.4303908974211
8.620434761047363 13.429180452424541
8.66324234008789 13.563745744720961
8.703351974487305 13.56628021394128
8.743906021118164 13.519375920227693
8.787503242492676 13.45095705932574
8.829726219177246 13.457585940137156
8.873512268066406 13.443338327758084
8.919636726379395 13.363381812832152
8.965170860290527 13.419900134094744
9.006410598754883 13.414061422466368
9.048828125 13.391247872890023
9.093334197998047 13.394357190343207
9.137704849243164 13.297992821091245
9.183526039123535 13.288474144229356
9.227059364318848 13.312145012126177
9.270713806152344 13.213483291480259
9.320086479187012 13.138972345325307
9.37061595916748 13.134149725192252
9.422399520874023 13.09817091350722
9.477503776550293 13.05523077617006
9.530917167663574 12.9964608415781
9.582642555236816 13.007973699889362
9.635320663452148 12.971307047498591
9.684860229492188 12.85937039170071
9.737112045288086 12.839303001807485
9.79123592376709 12.799489455177689
9.845176696777344 12.718131548074659
9.901627540588379 12.692318797122049
9.963873863220215 12.516371727795295
10.019479751586914 12.58480852219589
10.0722074508667 12.485287578591512
10.131168365478516 12.306300819760187
10.190364837646484 12.234583354961892
10.253941535949707 12.150773737881154
10.318306922912598 12.066559857046228
