0.9150587916374207 4.798258279528899
1.005518913269043 4.288368082874506
1.0688471794128418 4.0687322496143805
1.1260968446731567 4.057307260393575
1.1879677772521973 4.147252818092104
1.2688074111938477 4.358412418488521
1.3516123294830322 4.348409455268683
1.4280214309692383 4.227793160878724
1.508120059967041 4.133392201283859
1.5843274593353271 3.971105957494481
1.657976746559143 3.632166382630267
1.7307406663894653 3.365792029904452
1.811378836631775 3.0697146913696236
1.8741676807403564 2.933799411131776
1.9250074625015259 2.803502274001162
1.9756872653961182 2.6151292828499235
2.027803659439087 2.363800855084413
2.0775060653686523 2.249507657771579
2.1211540699005127 2.1399548483965813
2.1575143337249756 2.162118229815035
2.188488006591797 2.096692425277849
2.2190656661987305 2.0481752867067353
2.249791383743286 1.9967543150813112
2.2805516719818115 1.9232201164494471
2.3110616207122803 1.9423660868814465
2.3433425426483154 1.9536614013196898
2.3754491806030273 2.123245904419986
2.4047203063964844 2.216416364071106
2.4371843338012695 2.198826423940027
2.4733588695526123 2.258759341598322
2.5124921798706055 2.3141826352606913
2.5537312030792236 2.2668801646362553
2.5992608070373535 2.3938918878328757
2.6415913105010986 2.509423906621408
2.6838431358337402 2.4916365993514904
2.7280495166778564 2.4321892791797293
2.774726629257202 2.321588304970147
2.821162700653076 2.1601377549562972
2.8687052726745605 2.1139358298900075
2.9137282371520996 2.118539945351277
2.952270984649658 2.179057847259063
2.9843456745147705 2.222516984201046
3.014638900756836 2.232210983323898
3.042788505554199 2.2364159019077374
3.072277069091797 2.201762714370897
3.1029908657073975 2.2075226943611352
3.1348447799682617 2.1896593587324427
3.168224811553955 2.209024773047449
3.2025296688079834 2.2244687118340725
3.23738694190979 2.3457348418083397
3.2693686485290527 2.568521492976993
3.3004391193389893 2.702010034463236
3.334751605987549 2.8451930206673826
3.3757476806640625 3.0113673605816533
3.422236680984497 3.0158143299028826
3.4652562141418457 3.0486270177036783
3.5032076835632324 3.1331729105117554
3.5372350215911865 3.2730372435554984
3.567831039428711 3.3133845403147375
3.6038601398468018 3.342656599046084
3.6548683643341064 3.28955736715162
3.7132346630096436 3.266628978886712
3.762474775314331 3.412528270071465
3.801255702972412 3.6594854711525877
3.8316757678985596 3.8452505077511696
3.859950542449951 3.962652924891825
3.8883779048919678 4.054411530820273
3.924081802368164 4.138727862732165
3.9714713096618652 4.236855865300192
4.019638538360596 4.426918620972303
4.060693740844727 4.609880718192864
4.099601745605469 4.8070393293476075
4.139851093292236 4.969332603062116
4.180194854736328 5.132446938596876
4.226353645324707 5.283947997227987
4.269645690917969 5.482421015090202
4.306329727172852 5.691428372047265
4.3387908935546875 5.885858441123262
4.37202787399292 6.087698835026728
4.403611660003662 6.2515093015225
4.4360151290893555 6.471763323575055
4.467586994171143 6.604317453947865
4.499466419219971 6.812459456612907
4.530363082885742 6.976035308930962
4.564768314361572 7.127394833284761
4.604962348937988 7.495515545628421
4.655893325805664 7.9082018211734475
4.733086585998535 8.43181790361919
4.831964492797852 8.998704412912534
4.912938117980957 9.293236989271161
4.9827117919921875 9.688089233622525
5.039644241333008 9.99013966176023
5.087639331817627 10.320906283328364
5.136252403259277 10.502008858868617
5.186022758483887 10.702851809669275
5.239431381225586 10.92917922404987
5.292660236358643 11.169260026700684
5.356271743774414 11.359415579613879
5.418881893157959 11.721667032206886
5.497209548950195 12.067986758724238
5.566038608551025 12.470413448518304
5.625100135803223 12.664703235724797
5.6808905601501465 12.932728454701003
5.739864826202393 12.950777569229967
5.802440643310547 13.06919327217882
5.867643356323242 13.189516082717093
5.931053161621094 13.40317212130571
5.9924116134643555 13.626226718079689
6.0562567710876465 13.789011399358383
6.115049839019775 14.028093098019696
6.165719985961914 14.245258314531027
6.207073211669922 14.537452553515616
6.246747016906738 14.603876747251638
6.293410301208496 14.596369060575674
6.340192794799805 14.75649843547128
6.390171527862549 14.822318837784177
6.444421291351318 14.894916157389106
6.498887062072754 14.898374218822338
6.559945583343506 15.016493256171561
6.612620830535889 15.186572219041318
6.6630539894104 15.27140570253994
6.714268684387207 15.228130247087845
6.763549327850342 15.269996666723614
6.815775394439697 15.336353656628727
6.869899749755859 15.357729128314302
6.918713092803955 15.426042367294912
6.970902442932129 15.361287628309446
7.023639678955078 15.43258403867559
7.075740337371826 15.379085696493624
7.133115291595459 15.424671403597404
7.192183017730713 15.45440504252351
7.244865894317627 15.501370319606288
7.2906670570373535 15.658916432144231
7.331104278564453 15.688077884149576
7.376125335693359 15.60759020491684
7.42526912689209 15.572294642633596
7.482624053955078 15.551077015564049
7.539938449859619 15.53668333583233
7.5998311042785645 15.535546042053197
7.664478778839111 15.513466414355056
7.723368167877197 15.611545009363175
7.772288799285889 15.678330102601656
7.820489406585693 15.644210826040625
7.8668060302734375 15.69585456924425
7.912420272827148 15.726396936163642
7.95532751083374 15.741470255665025
7.9995622634887695 15.704045355982986
8.048245429992676 15.737393497496264
8.093162536621094 15.71178115801918
8.140645980834961 15.665188177029739
8.186383247375488 15.618037275458699
8.231877326965332 15.60578986738829
8.276935577392578 15.609361239364599
8.324629783630371 15.586317510299184
8.371294021606445 15.60111565956991
8.411575317382812 15.596068708938484
8.455431938171387 15.487439364266914
8.504782676696777 15.554673405455
8.551740646362305 15.56974597341241
8.590638160705566 15.589383198546054
8.630475044250488 15.519528794832047
8.679266929626465 15.458614618260397
8.730422019958496 15.411181658072563
8.783132553100586 15.367277945469576
8.836027145385742 15.377035255436406
8.893929481506348 15.339709180204553
8.95077133178711 15.414764534668109
9.0003662109375 15.500100726900314
9.041744232177734 15.545361118796963
9.081281661987305 15.615245063584645
9.117321014404297 15.578187665885677
9.156118392944336 15.580590348866776
9.195976257324219 15.54713287392557
9.241591453552246 15.527770535328255
9.286553382873535 15.592740056595408
9.329224586486816 15.548377123345672
9.370009422302246 15.625605916255108
9.413991928100586 15.520740965397255
9.46707534790039 15.544958576603971
9.518789291381836 15.57460899817505
9.5663480758667 15.698571194302664
9.612398147583008 15.62866876089305
9.66293716430664 15.555201204343007
9.719305992126465 15.599977367547876
9.776102066040039 15.540691733400083
9.831682205200195 15.567602585838726
9.881485939025879 15.545752321336582
9.941485404968262 15.556596720444018
