1.6724599599838257 12.827405575533136
1.78837251663208 11.916864572678719
1.8749618530273438 11.412248434385752
1.934733510017395 11.245173757140007
1.9910799264907837 10.882328279232526
2.0457022190093994 10.594916647779133
2.0957062244415283 10.520745591090918
2.140529155731201 10.274080530118658
2.1943533420562744 9.988917475377118
2.2621591091156006 9.559922925566859
2.328167200088501 9.263972107653723
2.3775722980499268 8.88834761806331
2.4236974716186523 8.516361884261261
2.4730165004730225 8.215256538035188
2.5184478759765625 8.153432112297736
2.5619685649871826 8.104410126015654
2.6070220470428467 7.981275268851078
2.6588547229766846 7.687717747590147
2.7162914276123047 7.23715920711997
2.785348653793335 6.701257837372136
2.8469655513763428 6.375329010578997
2.8891069889068604 6.031220602765047
2.9278221130371094 5.670100619441719
2.9673566818237305 5.297698794966544
3.003729820251465 4.979202880559634
3.0372936725616455 4.707856775355809
3.0713388919830322 4.497932768126762
3.1037352085113525 4.27823680479986
3.1322858333587646 4.150441640271899
3.1578736305236816 4.023325756844755
3.180698871612549 3.8686309061249373
3.206716299057007 3.6389539714463983
3.232835054397583 3.5587232667383235
3.255899667739868 3.4774217609534026
3.276397228240967 3.3413713557123144
3.3003287315368652 3.138038623921636
3.3306994438171387 2.9470013511541095
3.368914842605591 2.764483577030657
3.4101953506469727 2.628222995803664
3.455244541168213 2.5031169903777206
3.5001697540283203 2.4645247532746377
3.536262273788452 2.5050808394770745
3.5664350986480713 2.5610165779697445
3.5920591354370117 2.5491781349006586
3.6157007217407227 2.5979207703308624
3.639633893966675 2.5100133869150523
3.6697559356689453 2.336729989232106
3.7093238830566406 2.2500726430736626
3.753891944885254 2.183147650950986
3.7994086742401123 2.1230088557273312
3.843104839324951 2.102487368701177
3.8897147178649902 2.057482478569173
3.9363596439361572 1.997726713879569
3.9828712940216064 1.8613849425161022
4.025653839111328 1.7935848062287065
4.062807559967041 1.7122250056234878
4.099608898162842 1.7886441748856794
4.133449077606201 1.926429817711207
4.161820888519287 1.987262857796647
4.185881614685059 2.1641155756856643
4.207217693328857 2.1333238116288924
4.233108997344971 2.0123619808562343
4.262203693389893 1.952903575888069
4.290139198303223 2.0101757747256968
4.315301895141602 2.0319112622978674
4.340123653411865 2.0909178759070692
4.363951206207275 2.162538368459856
4.387270450592041 2.2672013453436435
4.409397125244141 2.314067907354123
4.433981895446777 2.3654539225164943
4.46012544631958 2.423329697324871
4.489156723022461 2.501821899972205
4.519856929779053 2.6605512088789935
4.55322265625 2.8428973291941135
4.586928367614746 3.0599798107325986
4.621646881103516 3.3363349355737237
4.655025959014893 3.637541801966723
4.68917989730835 3.860386322935353
4.726135730743408 4.113577269305716
4.76954460144043 4.467343478244581
4.822108745574951 4.694349272070209
4.880619525909424 5.094331192841774
4.931991100311279 5.409644921012037
4.985437393188477 5.66824528626568
5.0365986824035645 5.716540690262919
5.084171295166016 5.863228637660732
5.124615669250488 6.051574376517115
5.1641621589660645 6.31409942328976
5.206445217132568 6.603483866239344
5.26271915435791 6.924551970247653
5.342581748962402 7.539622688703339
5.423919200897217 7.8367353870706085
5.491669178009033 8.03646932000625
5.548023223876953 8.246351519610613
5.5950608253479 8.476299832732643
5.638097286224365 8.507509754842404
5.6894850730896 8.605143739451488
5.756350994110107 8.670265233983322
5.838395595550537 8.958470447749052
5.914897441864014 9.457487592021309
5.977790832519531 9.808638598250159
6.041443824768066 10.00951350831677
6.105534076690674 10.150690757479213
6.177198886871338 10.486872427855774
6.230428695678711 10.643710445642954
6.279556751251221 10.812034170335938
6.335503578186035 10.82884930468217
6.402620792388916 10.874168978142524
6.46929407119751 10.936403792312538
6.526456356048584 11.11311213938317
6.570267200469971 11.129187848654828
6.608331680297852 11.159025353685033
6.651014804840088 11.22211552462116
6.6951003074646 11.308784873702358
6.741109848022461 11.407282477321223
6.7892889976501465 11.602625284206512
6.847157001495361 11.553533987592386
6.9145917892456055 11.479247176121692
6.992988109588623 11.574821107189017
7.061943054199219 11.695935628819345
7.128743648529053 11.756359912536713
7.194299697875977 11.806002830375785
7.248538970947266 11.997171954376256
7.290783882141113 12.072383200153947
7.335353851318359 12.076291091353465
7.389804363250732 12.033408661178582
7.445653438568115 12.032647313098673
7.498520374298096 12.075559055343483
7.550786972045898 12.180020300596732
7.600496292114258 12.228839892220332
7.647887229919434 12.216241598200211
7.697425842285156 12.231145377855896
7.743387699127197 12.26056689977753
7.787464141845703 12.281196168867517
7.837177276611328 12.265499701218236
7.8948750495910645 12.266513534410768
7.952412128448486 12.311581884718546
8.007633209228516 12.345113335046356
8.053462982177734 12.445244605900893
8.094110488891602 12.497298390446923
8.139386177062988 12.529729929040812
8.179039001464844 12.587285801126495
8.213338851928711 12.730537493903329
8.24226188659668 12.676108777428144
8.277846336364746 12.575310369504194
8.322952270507812 12.490277557881445
8.372804641723633 12.418825349955597
8.427913665771484 12.455850647747058
8.482217788696289 12.414372592164328
8.53567123413086 12.395443339405388
8.588567733764648 12.417580716622494
8.63725757598877 12.513509212227442
8.6765718460083 12.685112228798031
8.711623191833496 12.768129345322263
8.746105194091797 12.719391098630354
8.778196334838867 12.710393267461896
8.812031745910645 12.618316950632689
8.851011276245117 12.662037062929398
8.892110824584961 12.571407765223213
8.930023193359375 12.612449395043642
8.971745491027832 12.504433640090832
9.017938613891602 12.522126998110986
9.06118392944336 12.61373418267249
9.100217819213867 12.530201088661574
9.140084266662598 12.575452415456464
9.185273170471191 12.50792957199761
9.234354972839355 12.323894013959759
9.2852783203125 12.348948501895485
9.333864212036133 12.378037935856005
9.37761402130127 12.391038837894484
9.420398712158203 12.403004352137074
9.46848201751709 12.264120650573714
9.517497062683105 12.296319115906481
9.562027931213379 12.316399866091636
9.600751876831055 12.443938282558165
9.633829116821289 12.377529710904346
9.671368598937988 12.229530271289915
9.710691452026367 12.3321968204175
9.748740196228027 12.297091203318534
9.786508560180664 12.24909540528309
9.831313133239746 12.118163124467683
9.880182266235352 12.164284310311686
9.92570686340332 12.079748325556032
9.972006797790527 12.017484587174796
10.023490905761719 11.916686414411712
10.076703071594238 11.822800375261572
10.134275436401367 11.780287152438143
10.193750381469727 11.758104389353518
