1.022302508354187 11.706953009438497
1.1658622026443481 10.796827067272607
1.2746351957321167 10.304204734939516
1.3698170185089111 10.152815777034826
1.473292350769043 9.78463628858579
1.5631755590438843 9.573430260302912
1.6478404998779297 9.264038374730665
1.733762264251709 8.990115282995967
1.8008540868759155 8.72750655778874
1.8687838315963745 8.731643907703775
1.9262657165527344 8.60339305982077
1.9837262630462646 8.301969163203385
2.039900541305542 7.955058076664482
2.0916099548339844 7.826389377691322
2.135874032974243 7.726846903187553
2.175544500350952 7.701237658543222
2.2104203701019287 7.529864695258803
2.243603229522705 7.399003714622518
2.2852611541748047 7.103333886902415
2.3295791149139404 6.895343512201644
2.380244731903076 6.609985751323074
2.4416589736938477 6.26745944730821
2.5057873725891113 6.020510600344276
2.563528060913086 5.6552057017376685
2.622570276260376 5.364289572994786
2.676560640335083 5.056742768421065
2.727461814880371 4.887262369173434
2.7703514099121094 4.685113759705626
2.8094961643218994 4.627757123902628
2.846386194229126 4.385488909427579
2.884687662124634 4.297383270184243
2.9252371788024902 4.097086810207322
2.968679666519165 3.923556575354738
3.0083119869232178 3.816236183724852
3.043764352798462 3.583810609703272
3.0784964561462402 3.4369117147519272
3.115377902984619 3.2248284025061196
3.1520307064056396 3.0684191315595952
3.185976028442383 3.021117679361689
3.2171995639801025 2.9123353192573487
3.246260404586792 2.876677029583573
3.2723848819732666 2.7958274111181183
3.298552989959717 2.781221558311512
3.3244266510009766 2.6128834023149414
3.347888946533203 2.618574861744718
3.3697519302368164 2.587894170377408
3.391507863998413 2.5409303997318538
3.413329839706421 2.525462706978837
3.434182643890381 2.4077057469494076
3.457726001739502 2.3283970581077513
3.4831457138061523 2.243227791033714
3.5098330974578857 2.2139151497310774
3.536907434463501 2.1440122410872258
3.5665132999420166 1.9784338987439216
3.5983762741088867 1.9382995118553812
3.6307854652404785 1.8817078300542858
3.662235736846924 1.9177799209284596
3.692873239517212 1.8691916741544599
3.7232234477996826 1.8789315079269335
3.7528107166290283 1.9163224736724014
3.7815780639648438 1.9282920092952405
3.8091163635253906 1.99063767500461
3.8369789123535156 2.0345347465504817
3.865523338317871 2.0196370645175215
3.894787073135376 2.0283102893692555
3.925870180130005 1.9604689405104514
3.9590260982513428 1.9792806895503892
3.9935989379882812 2.026863638061393
4.031282424926758 2.0829371137320827
4.0684494972229 2.1351630999834637
4.106053829193115 2.198083162203512
4.140058517456055 2.2712890226159916
4.173086166381836 2.336190184370167
4.207541465759277 2.456528658834062
4.240162372589111 2.6093782730123114
4.273460388183594 2.753185959545115
4.304779529571533 2.9273491166013823
4.335345268249512 3.1105201121336834
4.364763259887695 3.2623349574167895
4.391190052032471 3.4964514261090565
4.415963649749756 3.7032693030616475
4.439403057098389 3.85450580977895
4.461994647979736 3.977121703425122
4.487264156341553 4.051038409415165
4.515793323516846 4.18460059798238
4.546219348907471 4.3625001083303285
4.580603122711182 4.503807472150881
4.616662502288818 4.813777798842309
4.654120922088623 5.101534452041717
4.689126491546631 5.41715803616237
4.7219557762146 5.726912140200442
4.757289409637451 5.974062017741234
4.790503025054932 6.288403606592126
4.82394552230835 6.681867870707348
4.857076168060303 6.984421469348556
4.890706539154053 7.250627982376676
4.92939567565918 7.531060093956653
4.972353458404541 7.820578892620187
5.013798236846924 8.178538404223499
5.057737350463867 8.554082358749174
5.110997676849365 9.065931821667007
5.174135208129883 9.924138484643878
5.273929595947266 11.125878551111201
5.394132614135742 12.093590365641973
5.5136823654174805 12.80537118944794
5.608006000518799 13.421606337632937
5.689136981964111 14.099160819375012
5.761597633361816 14.699054472404313
5.835312366485596 15.175815875466133
5.911787986755371 15.538974271348259
5.9890055656433105 15.885231345158294
6.055006980895996 16.1206539301135
6.11694860458374 16.352633639102308
6.183850288391113 16.585533888547936
6.245762348175049 16.9176908320999
6.300103187561035 17.214457684334015
6.352205276489258 17.43957151038172
6.4019083976745605 17.720147090784593
6.452569961547852 17.909412054599866
6.512852668762207 18.179459732383936
6.574312210083008 18.373921616481844
6.640728950500488 18.641136103148988
6.709656238555908 19.05161658224008
6.777843952178955 19.390825364509226
6.849147796630859 19.747798917317457
6.919068336486816 20.04741908503652
6.990346908569336 20.296739652720674
7.061456680297852 20.648153274430793
7.128048896789551 20.914525164975664
7.192232131958008 21.22012849768013
7.249218940734863 21.385993047658513
7.311112403869629 21.578232770222055
7.370038986206055 21.66298809117908
7.437892913818359 21.690388318728157
7.511703968048096 21.868465883065895
7.586749076843262 22.00510913750684
7.661446571350098 22.11076021763693
7.734288692474365 22.23886243177843
7.803149223327637 22.437536143263017
7.860762119293213 22.539994889571837
7.910301685333252 22.660140600967832
7.952730655670166 22.71549417079222
7.993933200836182 22.791305825018846
8.03744888305664 22.764157271073636
8.082093238830566 22.790162475140196
8.132556915283203 22.648940772681446
8.192233085632324 22.678532190834886
8.25418472290039 22.66918658424953
8.315821647644043 22.755509180446396
8.376411437988281 22.745579638376174
8.438350677490234 22.695769767466004
8.493874549865723 22.67188882390798
8.557302474975586 22.611135893045454
8.622889518737793 22.61494648550903
8.683283805847168 22.678024855210953
8.73727798461914 22.652965429390516
8.793639183044434 22.582724818560504
8.852043151855469 22.62137962617346
8.904651641845703 22.62827298369978
8.951614379882812 22.732787650954485
8.99254322052002 22.69189932201126
9.032853126525879 22.7984064503245
9.071237564086914 22.730267812790213
9.113182067871094 22.656527935798255
9.156110763549805 22.626569289217844
9.200126647949219 22.516840615568526
9.24815845489502 22.488410279948646
9.29560375213623 22.527184144840813
9.346348762512207 22.367872920355154
9.399308204650879 22.304203777105926
9.455168724060059 22.273267415725538
9.5098876953125 22.263135790930487
9.554710388183594 22.318324792645978
9.592918395996094 22.278813413518712
9.63041877746582 22.287031259262992
9.66971206665039 22.180563119073028
9.71678638458252 22.081209302825435
9.767467498779297 21.95654155305152
9.818302154541016 21.89523739964555
9.868459701538086 21.837306791543025
9.917191505432129 21.885141621985532
9.963316917419434 21.794507630428257
10.008086204528809 21.71195250761723
10.054463386535645 21.675100567214205
10.100739479064941 21.567249674283072
10.148149490356445 21.531371360524872
10.19600772857666 21.441431032619885
10.250598907470703 21.233416995377596
