0.8873211741447449 12.062854284928044
1.1266685724258423 11.08671558021984
1.230820655822754 11.0085241660901
1.3366204500198364 10.447172158324761
1.431159496307373 10.266287779250103
1.5142661333084106 10.017341167102309
1.600862979888916 9.844809796263045
1.6720386743545532 9.526101849289299
1.7428853511810303 9.188072494235204
1.8104777336120605 8.963742154632847
1.8788866996765137 8.753503795582601
1.939029574394226 8.45166970079675
1.9985994100570679 8.048545032059721
2.049288034439087 7.739019816749864
2.1013028621673584 7.572355047864026
2.1483561992645264 7.430258997920986
2.202223777770996 7.303619812424618
2.250643491744995 7.116581560615657
2.3002684116363525 6.879308343789368
2.349816083908081 6.63757129415988
2.3990213871002197 6.332630579129599
2.448962926864624 6.0569955431871545
2.4987025260925293 5.915096996132497
2.545975923538208 5.672914050453216
2.5913054943084717 5.489826081859779
2.6309773921966553 5.232021842196673
2.672900915145874 5.070440068144228
2.7113802433013916 4.88681895240511
2.7520182132720947 4.771691706965676
2.7897093296051025 4.605730851180253
2.8308870792388916 4.367720370129218
2.872439384460449 4.191485676480215
2.9164888858795166 4.0422584875190894
2.9572839736938477 3.8562185405930958
3.001128673553467 3.660112997523011
3.0399160385131836 3.4791899427595214
3.082986831665039 3.240547352161806
3.128629446029663 3.080619464601938
3.1759331226348877 2.839464977173276
3.2230331897735596 2.742592774623596
3.271561622619629 2.613730945375114
3.319037914276123 2.4911565209026945
3.3643500804901123 2.35055757196197
3.4041292667388916 2.2317269840863942
3.440877676010132 2.0210336616401974
3.4779505729675293 1.9416828817372433
3.5120882987976074 1.8955148622339253
3.543884038925171 1.8360879035404833
3.5767405033111572 1.8260863445878837
3.6088173389434814 1.8393975612109188
3.640338897705078 1.8184260139188515
3.670766592025757 1.8623038783576713
3.7027175426483154 1.8384646504548945
3.735016345977783 1.8210991113163237
3.7690818309783936 1.8458867112600534
3.8039450645446777 1.8642597806506689
3.8382649421691895 1.8717002415321984
3.87494158744812 1.8734079148655318
3.910677909851074 1.9167302103423511
3.94649338722229 1.9856034730320131
3.9831268787384033 2.020317544390913
4.018251895904541 2.108523809411851
4.053427219390869 2.191287177026727
4.08951997756958 2.2440577550434373
4.127157211303711 2.296745087123047
4.164968490600586 2.4574302226231204
4.200636386871338 2.5932224823647125
4.2357177734375 2.728506500465823
4.26882791519165 2.8701799241458046
4.3016462326049805 3.046611508070066
4.334361553192139 3.2344060354277
4.367639064788818 3.404748599795893
4.399812698364258 3.5424233794073188
4.4339799880981445 3.749678174498139
4.469443321228027 3.986020848297687
4.506931304931641 4.185555153135833
4.5424113273620605 4.432807542885207
4.57731294631958 4.622572041736795
4.614328384399414 4.822294405913822
4.651650905609131 5.041509620452495
4.6904473304748535 5.229011288178175
4.7300333976745605 5.486037219183646
4.768472194671631 5.799695467413565
4.80677604675293 6.121150394680257
4.84296178817749 6.344834987856328
4.878371238708496 6.630809559200786
4.914819717407227 6.832460208617603
4.949997901916504 7.100997600009376
4.987112522125244 7.376016099137545
5.026090621948242 7.670204623618467
5.066445350646973 7.974435456178753
5.109129905700684 8.450286510283275
5.1537275314331055 8.831645925149758
5.204258441925049 9.354793995500511
5.2577714920043945 9.743894991424881
5.31906270980835 10.194790478166318
5.381800174713135 10.721639813735397
5.4643683433532715 11.554624123186889
5.56124210357666 12.457798804838557
5.667952060699463 12.970375082389111
5.765204429626465 13.481520383996967
5.857062816619873 13.842168069849864
5.927552700042725 14.142956103852777
5.991856575012207 14.438842545655545
6.060700416564941 14.613611230915721
6.128759384155273 14.92107596476294
6.191566467285156 15.1236867385279
6.250144004821777 15.477335237448644
6.306563854217529 15.574976672995223
6.360111713409424 15.81239953427283
6.417510986328125 15.992374855142083
6.4727911949157715 16.13183832033299
6.5296430587768555 16.29578384242965
6.593310356140137 16.484570587829328
6.6530232429504395 16.779319571011712
6.712886333465576 16.980903545121727
6.776669025421143 17.17675666758024
6.840126991271973 17.45130885507325
6.896092891693115 17.658258622103983
6.945887088775635 17.76285969737694
6.996160984039307 18.002381402824817
7.040276050567627 18.007622320234667
7.082225799560547 18.11278776245433
7.123764991760254 18.12239216235495
7.164076328277588 18.210690665521636
7.209135055541992 18.238429068511582
7.261706829071045 18.291229988250166
7.3130106925964355 18.299850206064757
7.367629051208496 18.46348187355784
7.416557788848877 18.558965808482046
7.470694541931152 18.669506976403603
7.525069713592529 18.684660291509427
7.581305027008057 18.806625122558067
7.633990287780762 18.969175141220447
7.68764591217041 18.96579376224786
7.736968517303467 19.12350872130119
7.786789894104004 19.138247412033323
7.834219455718994 19.25236001470909
7.884166240692139 19.278268786022604
7.928905010223389 19.361821733024815
7.972886562347412 19.348744341088512
8.018609046936035 19.381452470943543
8.065095901489258 19.500253861369576
8.108389854431152 19.514191743931658
8.152023315429688 19.60689805362443
8.193340301513672 19.58555894294169
8.234804153442383 19.67288536688491
8.278423309326172 19.704083696458945
8.321922302246094 19.63347853711662
8.367027282714844 19.653466169714406
8.413244247436523 19.67326268401319
8.459778785705566 19.68723704042679
8.504815101623535 19.75752024589726
8.552506446838379 19.799946291417058
8.598220825195312 19.768210668604333
8.64704418182373 19.737862726434
8.697406768798828 19.722754650836933
8.752883911132812 19.741183218679563
8.807116508483887 19.6961457898511
8.866168022155762 19.68145546468892
8.923147201538086 19.635231517791095
8.982669830322266 19.70730203289573
9.038500785827637 19.665274069555487
9.09618854522705 19.654683354044533
9.148537635803223 19.69940310640876
9.197782516479492 19.682398476081204
9.247782707214355 19.58463707179309
9.300600051879883 19.572912357305334
9.351086616516113 19.57144631139698
9.402993202209473 19.506323073172705
9.45627498626709 19.472484553972
9.505586624145508 19.421105315190694
9.55260944366455 19.44362549169892
9.602107048034668 19.389308364436378
9.650140762329102 19.373941788670724
9.699174880981445 19.260040862403667
9.750604629516602 19.137261425740675
9.800642013549805 19.20445482754599
9.854772567749023 19.104737946370786
9.910185813903809 19.02076931727356
9.966477394104004 19.034488664647455
10.018637657165527 18.95587181553947
10.071928024291992 18.91219509864072
10.125465393066406 18.798461541399874
10.180649757385254 18.817173893471875
10.231902122497559 18.765692056845808
10.285907745361328 18.61866340855569
10.3425874710083 18.51716012241858
