0.7260169982910156 6.4663547362173945
0.8963279724121094 6.24479100782322
1.0175683498382568 6.268807868624508
1.101119875907898 6.16674140233439
1.1742578744888306 6.115027668011596
1.2348047494888306 6.026438486973588
1.2965136766433716 5.904533444833701
1.3611820936203003 5.748819714246963
1.4201180934906006 5.669868664312888
1.4725652933120728 5.672545195766039
1.51162850856781 5.668480381887401
1.5475488901138306 5.6954250130103325
1.5913162231445312 5.451337719380757
1.6439446210861206 5.296557253999293
1.7038060426712036 5.251798556310434
1.7615697383880615 5.192184758247391
1.814054250717163 5.1902742763069565
1.8646345138549805 5.215652635691888
1.914819359779358 5.096140560888438
1.9627948999404907 5.088387589694061
2.012956142425537 4.745241717855949
2.0689520835876465 4.426043758910712
2.130138635635376 4.359086399997733
2.1956560611724854 4.1435608742932555
2.260032892227173 4.0554983810555925
2.3156464099884033 3.9987349094363966
2.364666223526001 3.8391644159332894
2.419452428817749 3.6212022207864467
2.482983112335205 3.3469676592393203
2.5424869060516357 3.1896637696910846
2.5902483463287354 3.0665924667150324
2.631662368774414 2.953150537531425
2.671190023422241 2.8086581789171983
2.714200258255005 2.605003082949435
2.7577872276306152 2.495009203270378
2.800950050354004 2.353275037630101
2.840836524963379 2.279730372324955
2.8787178993225098 2.240866309301856
2.9163544178009033 2.1753559198964956
2.95409893989563 2.037482702385949
2.996422290802002 1.9305958728457588
3.0440688133239746 1.8176812737471395
3.0945069789886475 1.836734582928764
3.1346733570098877 1.8532457989115916
3.1675233840942383 1.859076294922582
3.2016100883483887 1.7215942685653325
3.239562749862671 1.6813736148700882
3.275419235229492 1.6323832209113214
3.3066186904907227 1.6726932278583924
3.3364014625549316 1.7518474596910207
3.3664674758911133 1.8231679075053246
3.398167133331299 1.866677055004616
3.438971996307373 1.8700431987315327
3.4841930866241455 2.0051523994641833
3.5241527557373047 2.2414337327531078
3.558140993118286 2.424561144415772
3.591259717941284 2.4943148882469406
3.628828287124634 2.5430590704228306
3.670559883117676 2.6296223436438284
3.7120766639709473 2.77889013116582
3.7493109703063965 2.9401850511276066
3.7833733558654785 3.0612852322248854
3.8213136196136475 3.180165509788341
3.8706161975860596 3.2893423929203967
3.921691656112671 3.4312682646454706
3.974121332168579 3.553216432783322
4.0199103355407715 3.705532998357286
4.061788558959961 3.8666499578944826
4.103936672210693 4.0812372278887485
4.151788234710693 4.386259605446778
4.197078227996826 4.684812493832634
4.235976219177246 4.916238211008859
4.27163553237915 5.08061647666917
4.312028884887695 5.301057737506742
4.356973171234131 5.791523288243736
4.39729642868042 6.101213175269895
4.43776273727417 6.390643487446537
4.4833083152771 6.630422443991819
4.535072326660156 6.965338121364898
4.581421375274658 7.2522044009144295
4.624815940856934 7.510004196334894
4.668042182922363 7.758140898565355
4.712764263153076 8.0078798178569
4.750807285308838 8.249307607796952
4.783912658691406 8.500972402542812
4.81260347366333 8.711862565412387
4.841342449188232 8.802214195626588
4.87887716293335 8.948573987281563
4.923457145690918 9.192813293706585
4.972476959228516 9.603846318583102
5.021622180938721 10.038197208103579
5.078527450561523 10.584319592219188
5.130582332611084 10.988860322076857
5.178458213806152 11.53975306323657
5.220248699188232 11.812449225928196
5.272149085998535 12.09546598838359
5.345119953155518 12.409605688704833
5.4247894287109375 12.974209958425181
5.4953413009643555 13.231073650027758
5.5723748207092285 13.573314901645695
5.6557207107543945 14.0097374253034
5.732182502746582 14.245636962989181
5.8018083572387695 14.542031719760207
5.872936248779297 14.776232865090055
5.942574977874756 14.97911561121768
6.014721870422363 15.20026350847893
6.083090782165527 15.569235597620203
6.144174098968506 15.777551956797504
6.1981658935546875 15.990682623635301
6.261769771575928 16.047858429522144
6.339704990386963 16.188749962659777
6.410757541656494 16.34807643239018
6.472539901733398 16.551706129207904
6.525552749633789 16.778205168165105
6.5795979499816895 16.832583380539074
6.643733024597168 16.97636541262378
6.71180534362793 17.23097688687363
6.77271032333374 17.471321548835473
6.828261375427246 17.588836545165258
6.8833327293396 17.814238503646283
6.9441609382629395 17.77908351472285
7.0132904052734375 17.887590217867686
7.085442543029785 17.924156183363536
7.148585796356201 18.128765997145386
7.200356483459473 18.293051037159987
7.250403881072998 18.31668833213568
7.301243782043457 18.401957387224872
7.352412700653076 18.43167301602256
7.408498764038086 18.38684684388779
7.470133304595947 18.37947449136355
7.525432586669922 18.54562843881677
7.5735392570495605 18.575035814496832
7.6182541847229 18.587844497546257
7.66754150390625 18.539860165941107
7.7272467613220215 18.475556991128744
7.789026260375977 18.598329525146077
7.849262714385986 18.625634439891236
7.904548168182373 18.656845699975566
7.951977729797363 18.79691615885107
7.9923200607299805 18.854993559593815
8.030900001525879 18.81975292265977
8.070754051208496 18.81186356097759
8.110816955566406 18.776612779331447
8.150382995605469 18.810708725602733
8.196253776550293 18.776230947119643
8.24261474609375 18.749520827279678
8.287135124206543 18.793121034447797
8.327056884765625 18.8478571325312
8.370098114013672 18.81508383126492
8.414443016052246 18.76431490540993
8.461670875549316 18.749737606682025
8.510437965393066 18.77812688618386
8.557968139648438 18.75274043870667
8.611522674560547 18.716786904843026
8.663615226745605 18.694509431824677
8.72298526763916 18.700830806918663
8.772969245910645 18.694255223758905
8.828433990478516 18.685825379106802
8.884289741516113 18.709950415632534
8.934195518493652 18.79352916029476
8.982617378234863 18.79552180016579
9.027749061584473 18.781901664737294
9.07631778717041 18.742525646124705
9.131237983703613 18.696230338346155
9.185711860656738 18.71022814899235
9.235941886901855 18.744335800428978
9.285629272460938 18.706964919082257
9.339486122131348 18.666820614111188
9.401169776916504 18.58302711543782
9.454262733459473 18.70508473934055
9.499614715576172 18.713303340432475
9.54221248626709 18.593623539790823
9.602330207824707 18.481184735955132
9.669858932495117 18.339603176356288
9.738469123840332 18.37256306433857
9.800466537475586 18.29287731794798
9.852534294128418 18.42412051895923
9.899940490722656 18.43346732807842
9.943805694580078 18.253582226305603
9.994924545288086 18.18226286974891
10.047986030578613 18.098603996151358
10.109026908874512 17.96381550739043
10.176661491394043 17.72896139025068
10.246042251586914 17.656754144098457
10.305298805236816 17.576546832200513
10.356151580810547 17.475272049612794
10.405158042907715 17.330993094304258
10.463656425476074 17.082939835219527
