0.5921669602394104 6.4533977994207055
0.7056829333305359 5.493638432805792
0.8180846571922302 5.296375424550026
0.9195356965065002 5.236586374595591
1.022651195526123 5.412996951294631
1.1076301336288452 5.378159768417692
1.1946008205413818 5.283512065068468
1.2824699878692627 5.271003498301256
1.3569682836532593 5.2590793568556835
1.4323195219039917 5.141610615460149
1.496522307395935 5.065621785276543
1.5575393438339233 5.080318758159539
1.6174718141555786 4.980190602826226
1.6785492897033691 4.856266500822516
1.738925814628601 4.721865342192563
1.798805832862854 4.575146424680988
1.8541338443756104 4.470779660008345
1.9031682014465332 4.359297897676201
1.9510740041732788 4.191742710895417
1.9999905824661255 4.071385071676712
2.047960042953491 3.9031227727640276
2.0941853523254395 3.9054508414166342
2.1387925148010254 3.8143427028455097
2.183133125305176 3.6946528209189364
2.2303733825683594 3.5486789164733143
2.278341054916382 3.4591345538147324
2.3302719593048096 3.268662557979714
2.3908989429473877 3.1107112587104395
2.453298330307007 2.9431996262126234
2.5134646892547607 2.760216444957943
2.5698766708374023 2.6366338427912996
2.6231815814971924 2.6196170301283517
2.672335386276245 2.5416425352066794
2.7165122032165527 2.479078298224065
2.7565531730651855 2.4250412883249153
2.8006231784820557 2.23053672189087
2.848358392715454 2.121517373290231
2.899233102798462 1.9994894532411962
2.951070785522461 1.9217953572151352
3.0044147968292236 1.8263542162431852
3.0565459728240967 1.816456158842544
3.103881359100342 1.8210783400931971
3.143895387649536 1.8992594959515408
3.1773624420166016 1.9363383437147288
3.20649790763855 1.9156359589942162
3.2375879287719727 1.8343612912353915
3.269840717315674 1.8122482543144416
3.305137872695923 1.7726646433694375
3.342620372772217 1.7742052559559485
3.378913402557373 1.8485918798679488
3.41227388381958 1.9563569089421529
3.442650318145752 2.032589669807739
3.4745590686798096 2.0970472529375743
3.5072779655456543 2.1608289695968264
3.5418004989624023 2.2528035257156955
3.5758979320526123 2.4209318993973064
3.6096155643463135 2.513540672218175
3.643867254257202 2.5807419493559163
3.6806347370147705 2.708096326176672
3.7195420265197754 2.8276681602297438
3.7554900646209717 2.9372647269424785
3.7864246368408203 3.106201068386816
3.8188648223876953 3.2154811297586927
3.8529140949249268 3.226369028937939
3.8946783542633057 3.2998236891702812
3.938351631164551 3.4511070262304897
3.9827702045440674 3.5843830259257126
4.023827075958252 3.685153917646596
4.063128471374512 3.845707800590681
4.101743221282959 4.056188048792518
4.1373772621154785 4.155543712221168
4.1714253425598145 4.299137859928978
4.203117847442627 4.425120269007038
4.234706878662109 4.528684880540662
4.265636920928955 4.642723713920012
4.299829483032227 4.69099743115933
4.337405681610107 4.777123765316363
4.378230094909668 4.923133748585565
4.424388408660889 5.100349158653928
4.4707465171813965 5.257787625485601
4.521674633026123 5.509858030944564
4.568245887756348 5.696390626267706
4.611921787261963 5.9497357948006275
4.657508373260498 6.12143835061286
4.702563762664795 6.3631263402203135
4.745933532714844 6.612423434254474
4.789099216461182 6.825888676262851
4.8317389488220215 7.154918860633076
4.8799943923950195 7.351618733370444
4.933232307434082 7.4886529668949295
4.9932427406311035 7.82165839590529
5.047029495239258 8.030471653687869
5.102462291717529 8.258082886627143
5.152921199798584 8.496180594085894
5.203477382659912 8.646689735765118
5.254684925079346 8.695646293455365
5.308193683624268 8.864840275300736
5.370382308959961 9.05567234897961
5.435483932495117 9.224688196222592
5.502974033355713 9.487310742013428
5.56621789932251 9.6951844501531
5.628122329711914 9.880965622056605
5.684394836425781 10.023426924986648
5.75384521484375 10.182216020060531
5.829581260681152 10.252634429889001
5.900885105133057 10.550141926371642
5.962865352630615 10.67923644096553
6.015163898468018 10.911499848141496
6.061017036437988 11.021565644489867
6.109790325164795 11.04382298974925
6.157755374908447 11.198692709889869
6.206076145172119 11.195150819172538
6.258475303649902 11.192763619995153
6.310110569000244 11.297076403564999
6.363856315612793 11.329882273663772
6.420619010925293 11.33794474630514
6.478612422943115 11.43226529379098
6.5320844650268555 11.483097717881448
6.585229873657227 11.480008251510668
6.632922649383545 11.550698769110813
6.678410053253174 11.645035426772276
6.719893455505371 11.665526946856202
6.7604289054870605 11.657905211236537
6.808290958404541 11.54664468194213
6.867371559143066 11.48017411436621
6.9306960105896 11.40607711704591
6.994802951812744 11.413261756016748
7.0568928718566895 11.45054548992911
7.114016532897949 11.453473086262063
7.16777229309082 11.496454618721492
7.219227313995361 11.5189783634278
7.265811920166016 11.578723577698502
7.310147285461426 11.490093777744969
7.358763217926025 11.465048408651406
7.412966251373291 11.425697212759255
7.468433856964111 11.423801722570849
7.522759914398193 11.368894372501392
7.577860355377197 11.3892867910494
7.634739875793457 11.322289965175816
7.692636966705322 11.298986234180092
7.747289180755615 11.306770881321581
7.797412395477295 11.360151395945165
7.846695423126221 11.367620125136337
7.902541637420654 11.294312415939178
7.95515775680542 11.327750160731005
8.00459098815918 11.338999657599969
8.056982040405273 11.263104397199164
8.109454154968262 11.32660965286148
8.16363525390625 11.309737195169845
8.21588134765625 11.372788701787554
8.262761116027832 11.431489071703774
8.310627937316895 11.391439183702072
8.361130714416504 11.379479391095508
8.410319328308105 11.527305379889022
8.452913284301758 11.579789782964873
8.491479873657227 11.670575995275655
8.52861499786377 11.69048151502943
8.564732551574707 11.724953619192936
8.602898597717285 11.805434025370701
8.638315200805664 11.81738152764286
8.676619529724121 11.789250344685335
8.715850830078125 11.769747207527129
8.757623672485352 11.688713176591879
8.805211067199707 11.760507338717296
8.857267379760742 11.66838912696454
8.91391372680664 11.71958224172601
8.972532272338867 11.733733230655252
9.032269477844238 11.774496886611322
9.089667320251465 11.823763851864307
9.14350700378418 11.902715147841318
9.194990158081055 11.927493327617153
9.245525360107422 11.966990141205288
9.295987129211426 12.046354663958155
9.342050552368164 12.086883874712548
9.389162063598633 12.082744865611682
9.438444137573242 12.123356945622776
9.485538482666016 12.198687355891039
9.528047561645508 12.104757853950977
9.574844360351562 12.181277892195455
9.613683700561523 12.309304264211782
9.650010108947754 12.275551546196414
9.691967964172363 12.129568962383821
9.743818283081055 11.978412439247007
9.807337760925293 11.890358234405332
9.874298095703125 11.888921396093645
9.947775840759277 11.739881201708478
10.021276473999023 11.725540421021774
10.09547233581543 11.723299493453396
