1.6008753776550293 5.702460557690637
1.7156440019607544 4.982126952217559
1.7936607599258423 4.471154941783058
1.856383204460144 4.152839331803648
1.9135868549346924 3.8013296903772575
1.9605509042739868 3.515477877093971
1.9996148347854614 3.292958858112635
2.03592848777771 3.07273101762412
2.0705833435058594 2.964975639002096
2.1059563159942627 2.884632892633903
2.1406240463256836 2.8435710563825607
2.176396131515503 2.6995687129297816
2.210088014602661 2.6749857527220233
2.241130828857422 2.6371905768167347
2.271949529647827 2.6184878692473155
2.303924560546875 2.6640651832361986
2.3364295959472656 2.6789527780395135
2.369485855102539 2.586507531239774
2.403169631958008 2.536780411777667
2.440483331680298 2.3275144868750877
2.4825541973114014 2.1726883941816997
2.52372407913208 2.071496944544653
2.567065954208374 1.9789152808531156
2.6127593517303467 1.8889593640855438
2.6571593284606934 1.7972883366505932
2.6958131790161133 1.82567308796571
2.731196403503418 1.8238807293939412
2.7652981281280518 1.8334321963749245
2.7995948791503906 1.9037449740288865
2.8372859954833984 1.9278968640679073
2.875049352645874 1.9873949815739216
2.9144694805145264 1.9001141608976528
2.953719139099121 1.8626897787418306
2.991515874862671 1.8620224610742342
3.0282866954803467 1.8485755523126017
3.064445734024048 1.9464928132952208
3.099541187286377 2.111655561103514
3.13328218460083 2.257212811129441
3.1672747135162354 2.386710436441545
3.203641414642334 2.4762421559910552
3.240907669067383 2.627405316479929
3.2816925048828125 2.736639954064221
3.3198583126068115 2.7960952245581865
3.35841703414917 2.8733786287006007
3.3959224224090576 2.853890019357123
3.432182550430298 2.8410721149988225
3.470428228378296 2.8349115230969155
3.506808280944824 2.912235062754174
3.5456855297088623 2.9216803877687685
3.5926401615142822 3.1363469115803344
3.64634370803833 3.4618226753009824
3.7074034214019775 3.6666242964330085
3.769728183746338 3.812476120078694
3.8257036209106445 3.853781911796896
3.871213436126709 3.771580724646258
3.910588026046753 3.8464316056477443
3.9489574432373047 3.8692299243800683
3.9887731075286865 4.017490490468485
4.029835224151611 4.020769121544368
4.066132068634033 4.034510318223327
4.100740432739258 4.107430877552615
4.1346049308776855 4.2699741052396085
4.168549537658691 4.468181812215755
4.204400539398193 4.576405567607316
4.240203380584717 4.641739092840507
4.275237560272217 4.762812854401398
4.310519695281982 4.9423500703060945
4.3480424880981445 5.0771932210833395
4.387676239013672 5.214611998707482
4.424990653991699 5.287804695950096
4.459499835968018 5.476458817084633
4.489964008331299 5.619169197945615
4.519101619720459 5.711041625543886
4.549641132354736 5.897428719008041
4.584957599639893 6.016082729621297
4.621722221374512 6.192215991996959
4.664852619171143 6.337918367879929
4.714431285858154 6.624394473611657
4.7645158767700195 6.834280552675499
4.812620639801025 7.128812368413721
4.868344306945801 7.417058978520175
4.9244184494018555 7.582680729492978
4.981682300567627 7.789688090760559
5.034330368041992 7.902824618802438
5.083118915557861 8.187647397570908
5.130298614501953 8.423046516826957
5.178038597106934 8.656737785518652
5.229096412658691 8.931256316091604
5.27826452255249 9.238351874421097
5.326387882232666 9.387434691714715
5.379676342010498 9.597195645742653
5.437953948974609 9.854344578870053
5.50176477432251 10.03202596854992
5.559289932250977 10.226724441227725
5.618831634521484 10.501025225199689
5.687077045440674 10.682561746263943
5.748692035675049 11.009045352534253
5.808730125427246 11.272538232869392
5.853745937347412 11.316485412505155
5.891842842102051 11.337755924453393
5.9260993003845215 11.322011425486187
5.960507869720459 11.364354460631578
6.002774715423584 11.565658738846896
6.049739360809326 11.777145343932224
6.103541374206543 11.953986786940753
6.156601428985596 12.052319791176386
6.210642337799072 12.161895813583785
6.2611494064331055 12.18725407786923
6.309345245361328 12.242558549618622
6.359375953674316 12.364532034103663
6.405634880065918 12.410986459488093
6.451389789581299 12.510281381790811
6.500129699707031 12.587761867364614
6.542642593383789 12.6394694460581
6.585758209228516 12.643922532833095
6.629335880279541 12.678518625339
6.676198482513428 12.610515844390983
6.731103420257568 12.649193093271212
6.78365421295166 12.6946568080479
6.83475399017334 12.734439801443274
6.887974262237549 12.75538520871796
6.942648887634277 12.737905133012767
6.996752738952637 12.79341507455341
7.051265716552734 12.814092180775473
7.106015682220459 12.895930729990848
7.1571478843688965 12.858549228685112
7.213486671447754 12.96055364718912
7.266601085662842 12.972436712071618
7.319561004638672 12.950191860921445
7.370303153991699 13.071200042520784
7.4165167808532715 13.071334421391215
7.463479518890381 13.117848849857422
7.504832744598389 13.159954913371296
7.546642780303955 13.252202022673131
7.588074684143066 13.231362266525178
7.630291938781738 13.277123683068146
7.674178600311279 13.255403024379307
7.71633243560791 13.349298175138943
7.757332801818848 13.346588656400206
7.800347805023193 13.3118009738901
7.847900390625 13.292662268704897
7.8922648429870605 13.33807950131096
7.9352850914001465 13.42350605886278
7.978016376495361 13.393618558859798
8.022363662719727 13.358884481607237
8.069745063781738 13.358353308927821
8.112947463989258 13.421774849202043
8.1576509475708 13.460354115367565
8.205131530761719 13.436658795148631
8.24936294555664 13.466731498859309
8.294483184814453 13.55189909711537
8.336848258972168 13.43268117932193
8.379034996032715 13.543732430910135
8.427452087402344 13.460383569415907
8.477547645568848 13.426038099485307
8.526540756225586 13.485274233126235
8.57609748840332 13.45021530382239
8.626946449279785 13.409315270996304
8.6790189743042 13.39276122380237
8.731965065002441 13.44600079935117
8.782974243164062 13.455910589168425
8.828147888183594 13.493990841657048
8.872299194335938 13.463496970751715
8.921717643737793 13.4453611742013
8.970502853393555 13.491166801604278
9.019538879394531 13.439467304659688
9.067673683166504 13.467745953834331
9.113656044006348 13.482130393485738
9.158702850341797 13.481623095458032
9.20267391204834 13.481804181050375
9.24935531616211 13.485314721172124
9.297640800476074 13.464564663320417
9.340100288391113 13.508718679798628
9.3820161819458 13.566016615941097
9.422347068786621 13.61074665072288
9.466777801513672 13.491576463451574
9.51607608795166 13.5187584302183
9.562963485717773 13.559131432001804
9.612327575683594 13.532797808295694
9.659722328186035 13.484589555846991
9.706340789794922 13.478174772931107
9.759337425231934 13.484313372670972
9.812868118286133 13.404098742954305
9.867622375488281 13.38202619179185
9.921567916870117 13.478444876502465
9.977557182312012 13.346192979589793
10.032076835632324 13.344480534360551
10.091584205627441 13.348863327693609
