1.123020052909851 8.637546463878135
1.2671407461166382 8.078641660443731
1.3895357847213745 7.854892344680427
1.4943376779556274 7.650086547059739
1.6067395210266113 7.162936865948963
1.6842856407165527 6.957309856687805
1.7437396049499512 6.762914695462039
1.7934424877166748 6.53043321575205
1.8428773880004883 6.2910797540302665
1.8953455686569214 6.049636704004649
1.9494209289550781 5.831006244374748
2.0025978088378906 5.636362180742309
2.05871319770813 5.469672626522392
2.108907461166382 5.357284160379387
2.1530838012695312 5.110546359536836
2.1990532875061035 5.004136022697534
2.243242025375366 4.679352567631019
2.2878942489624023 4.568593704029675
2.3314874172210693 4.388606312258253
2.3707008361816406 4.29909488846615
2.4063024520874023 4.210273072224252
2.4423298835754395 4.103770787322943
2.473959445953369 4.025639018038602
2.5028774738311768 3.940456756297307
2.533640146255493 3.85564795686756
2.563595771789551 3.675832774808906
2.5980310440063477 3.5088962446553404
2.637174129486084 3.3655214599115593
2.679121494293213 3.244944390906408
2.7251803874969482 3.071609738216989
2.7728347778320312 2.94773190321199
2.8196475505828857 2.7735356798351525
2.8638298511505127 2.7256305941523036
2.9034368991851807 2.611656829155004
2.9383609294891357 2.5502831758498035
2.9722416400909424 2.555565711485028
3.0081088542938232 2.5269464823767454
3.047055721282959 2.546709848760395
3.0878403186798096 2.4149662762721844
3.124505043029785 2.3429055147228683
3.161534070968628 2.3111145181231283
3.1979236602783203 2.175744680032361
3.2330641746520996 2.1040014441243966
3.264749526977539 1.9639267357854548
3.296116352081299 1.8048349084781607
3.3268959522247314 1.7434868610547043
3.3549296855926514 1.71453114209368
3.3833937644958496 1.6975975702104338
3.414591073989868 1.7217287938019494
3.4471256732940674 1.709856143742357
3.4803833961486816 1.7245288818996813
3.5131328105926514 1.766406027095181
3.5428855419158936 1.8315034091902758
3.5727615356445312 1.9202067839755383
3.604753255844116 2.032649668925051
3.64036226272583 2.058844713422314
3.68015718460083 2.152282200788885
3.7194929122924805 2.2816352050667286
3.7586395740509033 2.3843481198743786
3.7934963703155518 2.544794282615092
3.8209872245788574 2.7387045376874384
3.8453474044799805 2.8459563193911044
3.868114948272705 2.95515353066225
3.893155336380005 2.8987835177229733
3.9217121601104736 2.9967523639566425
3.954209089279175 3.12979740099546
3.987401008605957 3.233579190801647
4.0216569900512695 3.4467508924637675
4.055140972137451 3.666817365862714
4.086287498474121 3.926944204476053
4.116770267486572 4.07042696964701
4.150355815887451 4.261768499646765
4.185669898986816 4.489328803537328
4.222949028015137 4.6986751324381695
4.2621917724609375 4.953865151612553
4.306099891662598 5.2250418981890565
4.351695537567139 5.614570631208884
4.399313926696777 5.958740928244722
4.447431564331055 6.326591282180025
4.493675708770752 6.75997045460364
4.533934593200684 7.136577228125293
4.570145130157471 7.522351517199879
4.605937480926514 7.7338477454756385
4.645265102386475 8.003211316079478
4.686311721801758 8.290013322783308
4.7327470779418945 8.52715469234513
4.780272483825684 8.831507940186073
4.827477931976318 9.111301648150842
4.870115280151367 9.484000776938457
4.908257961273193 9.801627880504226
4.9411444664001465 10.117876955464583
4.972346305847168 10.377804576459132
5.004615306854248 10.61607798708808
5.042709827423096 10.96261823604061
5.084783554077148 11.273815813007044
5.1341681480407715 11.729250072823017
5.197030544281006 12.374616889087001
5.267303943634033 12.826231448274948
5.347081661224365 13.525697032286633
5.420464515686035 14.012817113677013
5.4806084632873535 14.376037295374939
5.539748191833496 14.598495135827582
5.599390029907227 14.943929233794385
5.651059627532959 15.180421534565411
5.709512233734131 15.312073135989108
5.762477397918701 15.643294869070077
5.803826332092285 15.80754003476644
5.844459056854248 16.0239898632598
5.886684894561768 16.24180845018578
5.927523136138916 16.33270338623021
5.97769832611084 16.48006521865575
6.031461238861084 16.741751932974235
6.089573383331299 17.022563406173266
6.152122974395752 17.39062493402363
6.209007740020752 17.57392691924514
6.267523288726807 17.894072111069416
6.323854923248291 18.13437186672595
6.378962993621826 18.298944479360713
6.435633182525635 18.492876337449914
6.493513584136963 18.705037831570923
6.552977561950684 18.967236651760906
6.619415760040283 19.243304530083567
6.686216354370117 19.589611882776104
6.756986618041992 19.958418104141185
6.825952053070068 20.224291860993958
6.891140937805176 20.40366894320163
6.958822250366211 20.60936301536239
7.03358268737793 20.893621753702387
7.1026692390441895 21.19285244522031
7.168769359588623 21.38891237125445
7.2300896644592285 21.544747883734665
7.291563987731934 21.5454736029916
7.3621063232421875 21.66367556037829
7.43359899520874 21.847016356839692
7.506472110748291 21.966141593750073
7.574701309204102 22.05731728652625
7.640391826629639 22.244500416937676
7.698332786560059 22.36011440009026
7.754008769989014 22.410716077722437
7.8162431716918945 22.38735333851638
7.883839130401611 22.437707460031348
7.954192638397217 22.45032630519922
8.015501022338867 22.493285365924677
8.078327178955078 22.630148388339947
8.130956649780273 22.600808515900095
8.180493354797363 22.792556166996025
8.225512504577637 22.76784270442381
8.268038749694824 22.712926728497887
8.314936637878418 22.706064182777585
8.368428230285645 22.63470122820538
8.425728797912598 22.5928086043734
8.47791862487793 22.587564118954354
8.530823707580566 22.558525345072635
8.577502250671387 22.586399379264968
8.62463665008545 22.565544710778575
8.67272663116455 22.580531044176368
8.717718124389648 22.48302860978802
8.767066955566406 22.445522495649396
8.82011890411377 22.354543546757156
8.875509262084961 22.304012436060038
8.935038566589355 22.229380898481676
8.99637508392334 22.1758071360749
9.051681518554688 22.26401736263205
9.102486610412598 22.218948472246193
9.14853286743164 22.262344890788654
9.194633483886719 22.191879777482878
9.23960018157959 22.160432282407324
9.28697395324707 22.108874758982186
9.338054656982422 22.02789265059767
9.394759178161621 21.918107302558393
9.457475662231445 21.791839728908275
9.525396347045898 21.668711641752903
9.598798751831055 21.649316038548537
9.669629096984863 21.635134506213962
9.735793113708496 21.492545233051015
9.800806999206543 21.561463079911363
9.858132362365723 21.481080087855776
9.915587425231934 21.499937455795283
9.967986106872559 21.436764932904673
10.019525527954102 21.350433756058315
10.073365211486816 21.29539542353773
10.12352180480957 21.139877531211415
10.177489280700684 21.041471382872565
10.239137649536133 20.946279735814038
10.300420761108398 20.804075978314355
10.36544132232666 20.666774914378482
10.440792083740234 20.364035929210303
10.531277656555176 20.195007256793687
