0.8961092829704285 6.124571298894321
1.0341408252716064 5.280291722684664
1.1175118684768677 5.063877050650055
1.1793813705444336 4.81957152698723
1.250806450843811 4.642141212030186
1.329158067703247 4.465612588188482
1.4116898775100708 4.403296186976859
1.4962040185928345 4.336025986930977
1.5776071548461914 4.078817863486628
1.645506739616394 3.7251469819779484
1.7004297971725464 3.554163106990179
1.750252366065979 3.360640519525175
1.7965548038482666 3.246838471938737
1.8405930995941162 3.1169284600629727
1.8799680471420288 2.9774494510661422
1.918880581855774 2.869976827136268
1.9585490226745605 2.809716681780495
1.993581771850586 2.716278337350563
2.0271852016448975 2.5889906265180738
2.061859130859375 2.445938352270613
2.0977914333343506 2.4102292102135294
2.1333274841308594 2.307687812944934
2.1699962615966797 2.2805666450749076
2.2049763202667236 2.248806879753862
2.2425529956817627 2.2494245343147123
2.2867536544799805 2.3533192455778353
2.333040714263916 2.413772044947258
2.376404047012329 2.4401783452891013
2.423043727874756 2.512040837456434
2.470736265182495 2.5213468763583693
2.518555164337158 2.4701428783963464
2.560238838195801 2.3253794009491586
2.5974669456481934 2.0806458553586653
2.6334877014160156 1.8670145943708234
2.6685447692871094 1.8093266386481934
2.701704263687134 1.8043887456246577
2.7369587421417236 1.7842352931330923
2.7753207683563232 1.8862200713253832
2.817844867706299 2.0131905128909593
2.8677115440368652 2.1753452469866663
2.9176855087280273 2.251858874163691
2.967754602432251 2.1105757582852642
3.0159828662872314 2.1072165427043714
3.057623863220215 2.0978837183223695
3.0949642658233643 2.1390902325495387
3.131495714187622 2.176709810542826
3.165839195251465 2.2433653247110805
3.203390121459961 2.265719792912992
3.24151349067688 2.297050062159996
3.2820029258728027 2.3569895337234614
3.327343702316284 2.462041798204814
3.377199172973633 2.697146369859642
3.4273808002471924 2.818620382626967
3.4795689582824707 2.841455176436058
3.531188488006592 2.9230669911374974
3.5805745124816895 3.0028334935647734
3.631213665008545 2.9829370711310066
3.6766138076782227 2.9810238064283556
3.7160308361053467 2.9919608625005387
3.7503981590270996 2.970374498531608
3.7842984199523926 3.0785383795766905
3.8165810108184814 3.1470087422319972
3.850477457046509 3.2404412694403164
3.884215831756592 3.3756970843627476
3.9178836345672607 3.5074633046551265
3.952317714691162 3.6778834784708856
3.9878194332122803 3.7649974435765454
4.024756908416748 3.898957482029043
4.059690475463867 4.03232083113559
4.095823287963867 4.111132660798473
4.1296281814575195 4.263943905571814
4.162497520446777 4.4721027373323246
4.195161819458008 4.615722578685096
4.229109287261963 4.799855082028624
4.263487815856934 5.003737370973743
4.299369812011719 5.276496491023244
4.337170600891113 5.509101302679088
4.3818888664245605 5.830373430763873
4.428725242614746 6.059154936019106
4.48344087600708 6.523394456622498
4.545143127441406 7.133221569723971
4.606049060821533 7.575186357835306
4.683358192443848 8.144744473385675
4.7676286697387695 8.433521317245052
4.838461399078369 8.53077533258837
4.898395538330078 8.712329612910036
4.949880599975586 8.962923688772136
4.998195648193359 9.17131995622524
5.044026851654053 9.364999577315928
5.087316989898682 9.582617105942113
5.130444049835205 9.794735438974339
5.17404317855835 10.00531494932615
5.216996669769287 10.340361077228396
5.261434555053711 10.592702804056799
5.305582523345947 10.987978488065416
5.349031925201416 11.317116349832283
5.394124507904053 11.719499680586711
5.441473484039307 12.060548151911652
5.492047309875488 12.379158041485647
5.548616409301758 12.74314999343319
5.606067180633545 13.044448842079046
5.667927265167236 13.276939814761908
5.724722385406494 13.67183451079935
5.780904769897461 13.950333403696538
5.833695888519287 14.088706280733476
5.885402202606201 14.344806220602699
5.9340643882751465 14.532859276436154
5.991524696350098 14.99522445971219
6.065575122833252 15.753045990303645
6.140707492828369 16.26027440122087
6.226789951324463 16.562280178938476
6.314574718475342 16.751471972911588
6.408509731292725 17.086710400121756
6.498668670654297 17.250942004956503
6.58806848526001 17.541179841841704
6.6655097007751465 17.728466686172894
6.738651752471924 17.805622640584026
6.809025764465332 17.938674753272654
6.8768534660339355 18.09770039012172
6.9418864250183105 18.25474765503963
6.999846935272217 18.34627092079741
7.056100368499756 18.366059954304692
7.110177516937256 18.50057749547329
7.15913724899292 18.528009288005165
7.207058429718018 18.604148598134252
7.252889156341553 18.602142913021932
7.299383163452148 18.60847190393
7.345664024353027 18.70680280116051
7.390285015106201 18.70406584042272
7.439070701599121 18.714413718000465
7.487156391143799 18.797817419623446
7.535182476043701 18.82813658099967
7.580348014831543 18.869322786348235
7.623618125915527 18.9135087007242
7.6719160079956055 18.918606609450975
7.719670295715332 18.965824425667527
7.7645063400268555 18.930387048644953
7.812920093536377 18.892581301180446
7.8617939949035645 18.96126710225603
7.910964488983154 18.988042175603873
7.957711696624756 19.038613058939237
8.001583099365234 19.141512773131495
8.041984558105469 19.163358218395274
8.081757545471191 19.173669801967396
8.122537612915039 19.10003225348155
8.16351318359375 19.14982337948489
8.203319549560547 19.187208985495953
8.246391296386719 19.135956203729272
8.28805923461914 19.165796502369886
8.334765434265137 19.1574981344444
8.37976360321045 19.149579355375256
8.423483848571777 19.129621988901576
8.468318939208984 19.14399239394794
8.514054298400879 19.077188394279837
8.562403678894043 19.0512590231733
8.609865188598633 19.136196445587704
8.6541748046875 19.10689469719744
8.69410228729248 19.180118791671426
8.731365203857422 19.18379825167737
8.770094871520996 19.11660386242757
8.812976837158203 19.038393698823384
8.859945297241211 18.943200628743384
8.913644790649414 18.94379716824915
8.965361595153809 18.93136189264515
9.015887260437012 18.87402502568878
9.071022987365723 18.8215556426615
9.12838363647461 18.752628762218265
9.188824653625488 18.678517290818338
9.251860618591309 18.64014254931304
9.31724739074707 18.525864462300976
9.384987831115723 18.506146079382034
9.448644638061523 18.51185915165106
9.511924743652344 18.483772268776203
9.574800491333008 18.419059298250474
9.631502151489258 18.455154649171316
9.686715126037598 18.43402917328966
9.74127197265625 18.43508481167104
9.788069725036621 18.504983312837112
9.83169174194336 18.4261392681727
9.878198623657227 18.453089627808392
9.922937393188477 18.311807432584775
9.967528343200684 18.335329737984207
10.009838104248047 18.17870274970269
10.058476448059082 18.162295534354165
10.107828140258789 18.01195951092196
10.160256385803223 17.957464713183374
10.215970993041992 17.859867022186283
10.273660659790039 17.688342960051003
