0.6543418765068054 9.058585977720503
0.7032108902931213 8.716150616520752
0.7536073923110962 8.486154827344897
0.8111985325813293 8.31962303873343
0.8718494176864624 8.24028582616793
0.9504778981208801 8.203460358421644
1.0541772842407227 8.3278127398719
1.163318395614624 8.458104385419647
1.2741228342056274 8.451748880164814
1.3851325511932373 8.312640443404646
1.4865384101867676 8.249814945359926
1.637266755104065 7.7932432407296295
1.7371909618377686 7.006394107989228
1.8349547386169434 6.9136807454699625
1.9331613779067993 6.546247578018119
2.0080068111419678 6.05864191510112
2.0668938159942627 5.792179768191624
2.1129469871520996 5.706004120179253
2.153632164001465 5.528781013909468
2.193286180496216 5.179465511546733
2.2329258918762207 4.966791313738837
2.2817752361297607 4.698482770652471
2.338973045349121 4.568724795781891
2.3915762901306152 4.351839906058348
2.4326376914978027 4.144923390425503
2.4706530570983887 4.0352533912651145
2.5066559314727783 3.8139962350241516
2.54235577583313 3.749104725736621
2.5770771503448486 3.5904786855227826
2.6140644550323486 3.369832830985031
2.650540351867676 3.194343884408954
2.6881420612335205 2.980658516839849
2.723587989807129 2.8372777960227547
2.756214141845703 2.66662522217765
2.7900660037994385 2.4545723204429386
2.8276493549346924 2.3036246008171872
2.869532585144043 2.0478188316112256
2.913510322570801 1.8601575180914827
2.9564356803894043 1.841226959092035
2.9962875843048096 1.7606149859257527
3.035512924194336 1.84550106934418
3.072230815887451 1.8387823929198053
3.107478380203247 1.8863951895023503
3.141387462615967 1.9154257396544048
3.1777195930480957 1.8634540321062731
3.216402053833008 1.8179481069759762
3.2562248706817627 1.8591153452089517
3.29266095161438 1.9069257231342327
3.3250269889831543 1.9461993443903995
3.357208251953125 2.0017880894520275
3.388934373855591 2.0214914539477027
3.4218664169311523 1.9931766618827302
3.4561872482299805 2.004946956361382
3.4944000244140625 1.9786544106708246
3.5357463359832764 2.0279238939335813
3.5772643089294434 2.1810220365937165
3.6149532794952393 2.2473641479271005
3.6517348289489746 2.3353876195937864
3.6920576095581055 2.401379878321996
3.7391550540924072 2.5099209283840205
3.78491473197937 2.664188148739953
3.8311641216278076 2.8854823419863633
3.8726580142974854 3.047468514245782
3.913804054260254 3.178733652874651
3.955700635910034 3.333307018874418
3.9942288398742676 3.4763030956894045
4.030426025390625 3.6042343233540772
4.068193435668945 3.7089673034067387
4.111391544342041 3.8099177021568233
4.155972003936768 4.0121096571738235
4.200719833374023 4.219464874832364
4.242366790771484 4.4325085759304095
4.282334804534912 4.640308423507583
4.320072174072266 4.891274501899392
4.354915618896484 5.112146684947478
4.390456199645996 5.211799517213757
4.42807149887085 5.386384963388536
4.468533515930176 5.5411438614002035
4.509641170501709 5.815674574372181
4.551219463348389 6.037131521068609
4.593525409698486 6.295207342493134
4.6326823234558105 6.48582043352806
4.677495956420898 6.762834529297326
4.726300239562988 7.044152889746172
4.777155876159668 7.4013722706292535
4.832309246063232 7.862360098408109
4.890125751495361 8.341367303986612
4.954370975494385 8.706348235808095
5.016746997833252 9.06957650661643
5.07882022857666 9.432941887698723
5.145163059234619 9.616747874519469
5.219606399536133 9.856751840764922
5.290201663970947 10.057943957977269
5.363987922668457 10.352115036770149
5.436611652374268 10.666146511733258
5.510937213897705 10.99972954353413
5.584334850311279 11.303925750256104
5.651215076446533 11.709452020048635
5.713462829589844 11.855358554847733
5.778706073760986 12.030476859971545
5.84177827835083 12.220283667701908
5.904715538024902 12.428195138061499
5.971543312072754 12.635356883114543
6.033392429351807 12.998225910628653
6.086601257324219 13.121333576969695
6.146114826202393 13.330243670695866
6.211159706115723 13.497835279521066
6.273703098297119 13.626237322901185
6.338720798492432 13.752824171028548
6.408847808837891 13.803588517053202
6.472277641296387 13.954864087288223
6.532802104949951 14.03758856812162
6.590977191925049 14.112754972225645
6.649857044219971 14.177105183427292
6.7069244384765625 14.233550600893201
6.773968696594238 14.227086117601194
6.838865756988525 14.282423970158458
6.904173851013184 14.360965815942327
6.964662075042725 14.391505846316642
7.024265766143799 14.505302228430455
7.076218128204346 14.569269112086833
7.118505001068115 14.623739624165637
7.159494400024414 14.629014668106018
7.202427387237549 14.60576013885503
7.244210720062256 14.617448566740283
7.285078048706055 14.685217812843348
7.325414180755615 14.74574753701836
7.361223220825195 14.767309306034486
7.396885871887207 14.701533592448163
7.435042381286621 14.790457115291526
7.472646713256836 14.78385556876273
7.512868881225586 14.800881611891077
7.556008338928223 14.705731995405948
7.604335784912109 14.69430721947174
7.6535468101501465 14.669938980813333
7.703200817108154 14.833318783269432
7.745320796966553 14.821160014976076
7.789305210113525 14.820937784584004
7.8336052894592285 14.857914462540679
7.878446102142334 14.86716625646851
7.9304022789001465 14.78225907836522
7.986334800720215 14.791535046093212
8.045143127441406 14.890401320258993
8.09833812713623 14.882943724589694
8.144360542297363 15.06560898033698
8.182014465332031 15.109458536688404
8.218545913696289 15.037867427721245
8.262910842895508 15.022767620456097
8.314261436462402 14.93783552580547
8.36819839477539 14.93316714139926
8.423593521118164 14.895735475599324
8.478256225585938 14.972468748119379
8.53011417388916 15.020132379540687
8.580163955688477 15.020995505798899
8.625441551208496 14.94997070945587
8.676252365112305 15.003632573043472
8.72526741027832 15.030463189496523
8.775405883789062 15.023408497875728
8.81986141204834 15.078253837493751
8.858345031738281 15.178918086087041
8.894736289978027 15.160609732429197
8.933671951293945 15.076420103127495
8.976428985595703 15.051145204645117
9.020112991333008 15.050906695626146
9.06185245513916 15.026139684578144
9.100024223327637 15.084076512096223
9.139448165893555 15.035193263188848
9.180156707763672 15.009590829047463
9.225095748901367 14.904113287523169
9.27835464477539 14.79395019571432
9.330792427062988 14.88070863768928
9.379664421081543 14.896829637002106
9.423935890197754 14.929838170982997
9.46406078338623 15.00652800308119
9.497171401977539 15.015131827437893
9.535238265991211 14.890180812160445
9.572168350219727 14.907282399672315
9.6135835647583 14.801862047676751
9.66214656829834 14.747388012405779
9.71435260772705 14.670989477432016
9.776426315307617 14.57383977422553
9.83732795715332 14.596805530774667
9.897134780883789 14.56297422442354
9.954329490661621 14.668053108919924
10.003666877746582 14.675303067575284
10.058706283569336 14.564891852883308
10.113525390625 14.438871792779372
10.17574691772461 14.34423233025148
