0.8756455779075623 8.872839282084426
1.036433458328247 8.617188058642423
1.1463266611099243 8.26598353057539
1.2409108877182007 8.11444782762918
1.3167144060134888 8.02796581536843
1.4006669521331787 7.623092407979389
1.485689401626587 7.360580640942082
1.5726124048233032 7.11565542384595
1.6501057147979736 6.963093563520802
1.7239967584609985 6.68559322070573
1.7971343994140625 6.464504875411724
1.8652868270874023 6.223124803422077
1.930471658706665 6.082299444457994
1.9910348653793335 5.7239613443010064
2.045567035675049 5.525027634834512
2.098743200302124 5.305412655974161
2.144674062728882 5.125784760715884
2.1870362758636475 5.059450460696153
2.228130578994751 4.862176011962271
2.2728917598724365 4.636130168766771
2.313880681991577 4.5084060153213805
2.3554933071136475 4.284722610317833
2.395336627960205 4.056053264987047
2.434171676635742 3.84846434140536
2.470550775527954 3.7321770293803813
2.5071685314178467 3.5780506577538667
2.5436527729034424 3.401956979570847
2.580212354660034 3.267575933477322
2.617741823196411 3.158114733342885
2.6552493572235107 2.9668655088423925
2.6917762756347656 2.790952156134097
2.728527545928955 2.608889134733651
2.7641520500183105 2.510533269242963
2.80074405670166 2.3789724975500213
2.835538625717163 2.3820003178350624
2.8694403171539307 2.2825903855102516
2.901291847229004 2.250733525884067
2.9305498600006104 2.143757861328726
2.9598019123077393 2.0696603233955226
2.9901649951934814 1.9902493187368653
3.0226314067840576 1.9026801314460289
3.0563619136810303 1.909375603474707
3.0915677547454834 1.8420448953867101
3.1293818950653076 1.7915218179178802
3.169914960861206 1.7672528759550294
3.212412118911743 1.876460933747634
3.2561564445495605 1.8806737239663467
3.299997091293335 1.975324652573563
3.3444225788116455 1.9567452047379166
3.390531063079834 1.9595826934485834
3.4335227012634277 2.0248028095292123
3.478093147277832 2.0951124409963264
3.5221896171569824 2.1559993855401194
3.564178943634033 2.250855935900663
3.6079142093658447 2.309270725133558
3.6564013957977295 2.351385878768048
3.705695390701294 2.351383357814344
3.75917911529541 2.4133896354090236
3.805201292037964 2.4798086522274088
3.8517112731933594 2.538704970902211
3.9019196033477783 2.571719216515339
3.9521501064300537 2.6557635320137614
4.007762908935547 2.7195077409654274
4.058838844299316 2.763700071234848
4.11307954788208 2.8095256341461305
4.167733669281006 2.8272088481705877
4.2181572914123535 2.855135861010738
4.272030353546143 2.8805796881081234
4.325530529022217 3.07233354772577
4.376367568969727 3.1977579679818517
4.424306392669678 3.3108937556258304
4.4661688804626465 3.5331818785596845
4.500767230987549 3.5719648367215897
4.534051418304443 3.6812481584148964
4.568187713623047 3.768320345744228
4.6034159660339355 3.846973037785223
4.640149116516113 4.0180061994646135
4.672380447387695 4.118578518408239
4.706727027893066 4.172772614963955
4.7444233894348145 4.171414252474139
4.786195755004883 4.293511532893218
4.831954002380371 4.375946974525912
4.878076076507568 4.347087021857079
4.924226760864258 4.384176384972709
4.9693708419799805 4.559465166883091
5.0106635093688965 4.62602948355104
5.048250675201416 4.774045352675748
5.087477207183838 4.8279274869109345
5.1247968673706055 4.968622557335089
5.163074016571045 5.027796191021679
5.201627254486084 5.164962207085399
5.241518497467041 5.237028413220438
5.280086517333984 5.276875493206385
5.323434352874756 5.339100569224196
5.367305755615234 5.457258362986797
5.414717674255371 5.486737738797691
5.461133003234863 5.591474166580893
5.5108962059021 5.673285503591126
5.561068534851074 5.829795300861571
5.606510639190674 5.888685901522539
5.656187534332275 5.952165924295639
5.7017436027526855 6.045202454569058
5.745955467224121 6.136953052160434
5.790345191955566 6.214953444964152
5.836557865142822 6.235915214894389
5.883730888366699 6.247637852625174
5.934847354888916 6.2614079464025645
5.9882025718688965 6.402554353401551
6.042691707611084 6.387722196494419
6.097261428833008 6.615517558431167
6.147910118103027 6.661869024584512
6.195864200592041 6.822004160651697
6.239466667175293 6.933649257840639
6.278665542602539 7.025187460855957
6.3208537101745605 7.019850157902233
6.3638715744018555 7.179163310177513
6.406190395355225 7.175459227723516
6.4539971351623535 7.117007599994871
6.508086204528809 7.1386132864567236
6.563543319702148 7.220093177701502
6.621538162231445 7.228249517263146
6.678599834442139 7.383657259497716
6.732060432434082 7.392986385792897
6.784862518310547 7.556995587157469
6.832208156585693 7.542173358703108
6.876344203948975 7.673014755491906
6.919136047363281 7.684051726575286
6.967263698577881 7.760840081732585
7.011589050292969 7.7917135054255375
7.062636375427246 7.774036291270407
7.114447593688965 7.834563500858083
7.168216228485107 7.869321922337328
7.223873138427734 7.890176212004728
7.278834342956543 7.9776587809707395
7.334290981292725 7.9812817881143845
7.389828681945801 8.093207926677628
7.44224739074707 8.165138600713338
7.489128112792969 8.264351080299525
7.5338287353515625 8.311600237446262
7.57623291015625 8.333119587507815
7.621216773986816 8.34666834102572
7.6692891120910645 8.314978632010211
7.72385835647583 8.418148628546373
7.776902198791504 8.417890174208933
7.827258586883545 8.423801250752932
7.87628698348999 8.550505776332113
7.9224700927734375 8.564598574511207
7.966749668121338 8.55030405914953
8.021703720092773 8.552741820803847
8.077594757080078 8.615119490670118
8.134750366210938 8.542278778167987
8.192252159118652 8.575012971154568
8.25169563293457 8.60418450832127
8.308448791503906 8.604377067961536
8.366724014282227 8.639034310863988
8.41761302947998 8.76404501013523
8.468039512634277 8.769911094292299
8.516586303710938 8.722783664155516
8.566446304321289 8.707068316746065
8.614656448364258 8.747993922251109
8.664361953735352 8.785696505690572
8.715763092041016 8.700887015273912
8.766887664794922 8.753122559364037
8.819340705871582 8.725847613794858
8.870623588562012 8.782696530508693
8.917119026184082 8.786989561310625
8.963210105895996 8.815655205603315
9.008404731750488 8.889815452547653
9.053120613098145 8.820264511153303
9.100647926330566 8.855271041020414
9.143795013427734 8.910558760701695
9.18520450592041 8.872794933291935
9.228409767150879 8.94520727440178
9.272381782531738 8.915058826748195
9.31950569152832 8.821539938450673
9.371889114379883 8.8535253793453
9.42104721069336 8.834343494052357
9.474973678588867 8.847968447990082
9.524374961853027 8.859577162491513
9.574328422546387 8.897221460671506
9.625236511230469 8.890684280947177
9.67803955078125 8.925360290109984
9.732736587524414 8.892552172029792
9.788466453552246 8.95199857605311
9.847308158874512 8.867491183124088
9.908406257629395 8.917649506517389
9.96589469909668 8.832510965415375
10.02799129486084 8.860992293641077
