0.632013201713562 9.269792984713177
0.7624877095222473 8.940409413521389
0.8842195868492126 8.82614592721696
0.9878743290901184 9.116490676231086
1.0813044309616089 8.94573668545739
1.1665380001068115 8.986859150293808
1.2528077363967896 8.823536820195852
1.3397643566131592 8.741216401063243
1.4406017065048218 8.592567674504588
1.5377482175827026 8.376624948122391
1.631355881690979 8.21859703508119
1.7062337398529053 7.943143913038896
1.7735047340393066 7.630581720787928
1.843148946762085 7.5494601271523685
1.9155986309051514 7.218865803727837
1.9730205535888672 6.900009326356389
2.0264546871185303 6.4844556287917525
2.077634811401367 6.148929635074398
2.1267879009246826 6.017277862879925
2.1744492053985596 5.791830211338485
2.225330352783203 5.5951372339794885
2.2775678634643555 5.286015949693747
2.3290207386016846 5.039630002710091
2.3794496059417725 4.774725351500991
2.4250564575195312 4.480021667777299
2.4675896167755127 4.266755275659523
2.506859540939331 4.0521825531159
2.546396255493164 3.7708751352700207
2.585359811782837 3.6045873431987046
2.6225643157958984 3.354107157513189
2.6565775871276855 3.190575084211006
2.6913561820983887 2.9845471549752376
2.726046562194824 2.9156296926692993
2.762373924255371 2.7999569354826206
2.7997207641601562 2.733770499842787
2.8393919467926025 2.5368610160985416
2.877042293548584 2.4741009788086727
2.9123878479003906 2.3220857910236754
2.9463565349578857 2.2039753043414065
2.97922945022583 2.1448890467539257
3.010617971420288 2.091679558327178
3.0408074855804443 1.9986153719477981
3.073611259460449 1.9269091034269215
3.106837749481201 1.879652652232049
3.1468570232391357 1.8426712439051234
3.190525770187378 1.8988758854976686
3.2342629432678223 1.9483850818290762
3.2777962684631348 2.0111400758989655
3.3203022480010986 2.0607833088678658
3.3613526821136475 2.0808932388093644
3.403085708618164 1.999263468061182
3.445955514907837 1.9559313016999684
3.4831316471099854 1.9486947995539028
3.518651247024536 1.9730859987858678
3.5502774715423584 2.096485721686182
3.5814661979675293 2.107237326370973
3.61320424079895 2.1719510022896356
3.6463980674743652 2.204810688840021
3.680368423461914 2.2210056291315756
3.7175540924072266 2.249162997539178
3.7573091983795166 2.284036300345695
3.7991816997528076 2.260884329084534
3.8467488288879395 2.336886082699728
3.8956894874572754 2.3470262310489383
3.94844126701355 2.4651831314989123
4.000759124755859 2.626017135819916
4.045950889587402 2.768060387034762
4.088275909423828 2.847016939445379
4.12912130355835 2.836258779397737
4.169500350952148 2.931507776753866
4.20923376083374 3.008116404795342
4.247181415557861 3.144343828780471
4.285425662994385 3.2750156052172397
4.323172569274902 3.445298877793059
4.3606486320495605 3.534593582485801
4.401845455169678 3.6195328917432334
4.443748950958252 3.801692561136945
4.482296943664551 3.906814310993644
4.521664619445801 4.03294822132431
4.562615394592285 4.216525104247124
4.601231098175049 4.3925647589457135
4.640717506408691 4.575982275576457
4.684659004211426 4.821458079242652
4.727133750915527 5.049225106227492
4.772286415100098 5.309540508588772
4.824024677276611 5.535555210910165
4.883864402770996 5.844751813622085
4.947596073150635 6.163095417390814
5.014029026031494 6.429754731649
5.080575942993164 6.771881848669505
5.148882865905762 7.0385524900260625
5.213372707366943 7.365829362240822
5.276819229125977 7.6185164405315176
5.3383870124816895 7.947770214953071
5.400674343109131 8.169116722249711
5.469667434692383 8.40948649583931
5.534392356872559 8.677262480272162
5.5984649658203125 8.948494104103608
5.652563095092773 9.136590697469785
5.711826801300049 9.247146993244305
5.759735584259033 9.485705924658184
5.8062424659729 9.486681159956357
5.850941181182861 9.711906506970234
5.894625186920166 9.810665186121271
5.937930107116699 9.89156998473472
5.984777450561523 10.048703760774575
6.034255504608154 10.134038560164196
6.082513809204102 10.234028217328238
6.131829261779785 10.341466596449484
6.183128356933594 10.434137378102294
6.2388224601745605 10.51432221481851
6.294490337371826 10.688449240210755
6.348159313201904 10.71863479360782
6.404968738555908 10.804033038467685
6.462279319763184 10.961865700041056
6.518032550811768 11.120387142259812
6.570286750793457 11.203663015698353
6.623663425445557 11.27242174315567
6.680014133453369 11.367556663249525
6.73619270324707 11.39404643086155
6.795059680938721 11.466132456215036
6.850098133087158 11.53387246218918
6.905096054077148 11.617114223509574
6.955161094665527 11.732233172597367
7.003188610076904 11.737404037769483
7.05104398727417 11.842989409796454
7.094881057739258 11.905484948424684
7.13981819152832 11.936872948989118
7.182361602783203 12.008839546015498
7.226632595062256 11.987425076592636
7.274483680725098 12.040373278415853
7.324362277984619 12.022465864572945
7.378769397735596 12.021670043341175
7.433744430541992 12.111677859288251
7.4882988929748535 12.122824785605703
7.542192459106445 12.134110483197551
7.598405838012695 12.164458674869126
7.654428958892822 12.218363563150737
7.705995082855225 12.258160530842003
7.7563676834106445 12.3714274094604
7.811089992523193 12.348161711448618
7.867690086364746 12.276619919656666
7.9227614402771 12.42062026583085
7.973933219909668 12.433983361919037
8.020336151123047 12.485793615896386
8.063559532165527 12.604434169404689
8.107807159423828 12.613376824565545
8.151778221130371 12.556512470776493
8.196709632873535 12.539696053948829
8.242010116577148 12.557437156813481
8.288949012756348 12.52010966221984
8.335103988647461 12.54118242387378
8.379791259765625 12.62551246834495
8.4256010055542 12.543059568142056
8.469801902770996 12.567199997130196
8.5184907913208 12.44273082491077
8.574718475341797 12.434551597612003
8.631271362304688 12.395986918582775
8.690945625305176 12.434217485769524
8.749283790588379 12.398255889835395
8.805553436279297 12.382896666495288
8.861766815185547 12.413697182979478
8.91572380065918 12.418527716869548
8.967735290527344 12.460523920807134
9.015223503112793 12.462240153156221
9.06361198425293 12.462472939452196
9.11097526550293 12.439003534193732
9.160258293151855 12.432752447581194
9.208213806152344 12.386654515183807
9.263165473937988 12.330482743989872
9.319162368774414 12.282236556420296
9.376813888549805 12.27660854285269
9.43618106842041 12.272808123895793
9.493021965026855 12.293582684432016
9.552092552185059 12.222939198441221
9.612785339355469 12.186771690704223
9.670370101928711 12.168082042479906
9.729121208190918 12.1923272911905
9.784667015075684 12.122355683810616
9.84497356414795 12.12826095933016
9.905132293701172 12.031955058962282
9.965362548828125 11.95563280084718
10.023131370544434 11.88572812944942
10.082894325256348 11.851355436324877
10.146658897399902 11.75590894241177
10.212288856506348 11.550771811312218
10.276212692260742 11.515791392309044
10.3346529006958 11.432730317987762
