0.6597645878791809 8.536173612008646
0.7647058963775635 8.631831491746723
0.8483386039733887 8.589152439081985
0.9264384508132935 8.612021066913814
1.0159670114517212 8.654523633066667
1.0927987098693848 8.62268314670038
1.1882036924362183 8.59104842167699
1.2913858890533447 8.52676952693943
1.389526128768921 8.633005431051194
1.4810038805007935 8.44848037934885
1.5966691970825195 8.066087974361537
1.7154018878936768 7.668536205846154
1.797771692276001 7.573038886565535
1.8802610635757446 7.385726009571176
1.9487724304199219 6.985779318647442
2.0096609592437744 6.4295438787043215
2.0689404010772705 6.091906094057138
2.119529962539673 5.829765719538774
2.168797254562378 5.452251697130072
2.2126028537750244 5.247451947698989
2.255126476287842 5.038418289426627
2.2992801666259766 4.8614579364788275
2.3490514755249023 4.693344032071025
2.403956890106201 4.462004404831358
2.4588570594787598 4.261189956749336
2.513284921646118 3.9469031265795222
2.56196928024292 3.729075114769873
2.6048219203948975 3.4418184063912927
2.6442055702209473 3.1761611201737003
2.6841986179351807 2.9008236756256722
2.722726583480835 2.745674025250068
2.7622971534729004 2.585382220033995
2.798905372619629 2.411785405246636
2.836643934249878 2.2340820553249205
2.8711302280426025 2.1648485270535356
2.903167486190796 2.0871597961236934
2.9322352409362793 2.1007589058636635
2.9599523544311523 2.114674939220426
2.9859659671783447 2.0715701869171763
3.012327194213867 2.0822013155679397
3.040294885635376 1.974701710391763
3.0698494911193848 1.9334882894670782
3.1026804447174072 1.847958077578054
3.138911724090576 1.7695968755288483
3.1807920932769775 1.8039817151138575
3.2234761714935303 1.8221817557907838
3.265486240386963 1.8405914384007094
3.303548812866211 1.9135690768508782
3.34051251411438 1.8772020224893906
3.3765830993652344 1.884321466881246
3.414051055908203 1.8934970967404638
3.451287269592285 1.9717478702193563
3.489133834838867 2.0500114083427166
3.525172710418701 2.1445456386728274
3.5645053386688232 2.163414405790281
3.604652166366577 2.260610194058684
3.641753673553467 2.321519420926033
3.680143117904663 2.4556244434869727
3.7174384593963623 2.5327311210611994
3.7550740242004395 2.666191239619642
3.7916812896728516 2.7943022433016145
3.8269741535186768 2.8801905965689563
3.8628339767456055 3.0461640739041687
3.8987836837768555 3.1574775514496065
3.9387130737304688 3.1895452763355348
3.9783668518066406 3.38878550926613
4.01824951171875 3.5023807206761175
4.053882122039795 3.6117518310050323
4.0900373458862305 3.7111779487729626
4.129199981689453 3.778293335205164
4.171164512634277 3.953145425280463
4.213829517364502 4.029076805757506
4.257883548736572 4.169919482773998
4.299385070800781 4.385120020597916
4.3402838706970215 4.534293237003381
4.380191802978516 4.73022020674809
4.418946266174316 4.964641465089541
4.455964088439941 5.142915235494586
4.4974541664123535 5.412744364827055
4.539461135864258 5.7515741042628
4.581636428833008 5.962513907548182
4.625543117523193 6.267649427317184
4.672070026397705 6.5529863036461204
4.723304271697998 6.822261388054966
4.774951934814453 7.187175761412572
4.831762313842773 7.492946773455132
4.890912055969238 7.8514452394512295
4.9496660232543945 8.27062481934273
5.005089282989502 8.51085016052281
5.065117835998535 8.741324857842892
5.126786708831787 9.163604911647601
5.180272102355957 9.481174105893913
5.236668109893799 9.799041757649588
5.296968936920166 10.104586799523501
5.358402252197266 10.486177037314276
5.423366546630859 10.839971360810635
5.486467361450195 11.157233559469356
5.5444183349609375 11.440598224857272
5.6111650466918945 11.778341470205337
5.669838905334473 12.010515061754543
5.727846622467041 12.208836906629418
5.779486656188965 12.43650378635944
5.83046817779541 12.661578416250741
5.88208532333374 12.843041346513742
5.9305291175842285 13.065366771689677
5.980617523193359 13.253987371644666
6.03911018371582 13.498906499708333
6.1066741943359375 13.700963844928056
6.173588752746582 13.876424100688872
6.23769998550415 13.989811247196327
6.299987316131592 14.10614666955449
6.3573832511901855 14.244113412748687
6.4126715660095215 14.343378063245057
6.46710205078125 14.449311204474421
6.5228118896484375 14.553111678665637
6.569786071777344 14.631730139602452
6.615296363830566 14.739749874299438
6.658857345581055 14.861624644966119
6.703239917755127 14.956217768697638
6.746322154998779 15.141077335545152
6.789126873016357 15.246046316601728
6.82793664932251 15.455767381108968
6.8690690994262695 15.520740172761744
6.90949010848999 15.581112169286007
6.949704170227051 15.70164508239443
6.990702152252197 15.838233053807716
7.031999588012695 15.925804958945049
7.0732903480529785 15.920611354490692
7.1157755851745605 16.058804634966858
7.159645080566406 16.053959710254784
7.204774379730225 16.178003127642857
7.253268718719482 16.225998584787312
7.301860332489014 16.260658620557795
7.347504138946533 16.319025467816136
7.393283843994141 16.425706179880912
7.435208320617676 16.641470277598916
7.474617004394531 16.628198449252622
7.517581939697266 16.723067906653675
7.557396411895752 16.740273288199294
7.600680828094482 16.793471978514162
7.644254207611084 16.786949497460967
7.68656587600708 16.91015144019584
7.730208873748779 16.88326121233021
7.776272296905518 16.92007389375452
7.8222856521606445 16.943394234045133
7.87162446975708 16.932023772500063
7.924030303955078 17.04379140687573
7.976981163024902 17.08015067402267
8.027366638183594 17.14129395001444
8.077252388000488 17.178835045662968
8.127516746520996 17.175669217357893
8.182977676391602 17.155507680301255
8.239587783813477 17.204391823508384
8.302901268005371 17.192603605434222
8.361419677734375 17.324126044379305
8.41596794128418 17.41150030059236
8.466907501220703 17.476254926542868
8.510126113891602 17.495857250699387
8.551528930664062 17.579282888193905
8.590106010437012 17.712117948153512
8.628336906433105 17.6305383930437
8.67059326171875 17.636739795184806
8.713441848754883 17.587182465908427
8.760416984558105 17.60421161952824
8.807326316833496 17.63981052761146
8.853702545166016 17.600848456538348
8.90052318572998 17.54553773077826
8.955023765563965 17.584138835235613
9.002317428588867 17.65387270118889
9.046354293823242 17.724545445172886
9.089432716369629 17.753804884401603
9.130745887756348 17.725023316630747
9.171477317810059 17.750737288146755
9.213878631591797 17.792664108542574
9.253677368164062 17.778010398260037
9.29761791229248 17.734525214020298
9.34443473815918 17.685706353213874
9.395604133605957 17.658322919696317
9.44802474975586 17.66139851378265
9.504042625427246 17.6326568357688
9.56427001953125 17.57992394921455
9.623513221740723 17.58264434307194
9.684833526611328 17.555040924563208
9.747568130493164 17.612668462696448
9.804119110107422 17.591544186644096
9.862157821655273 17.56537187449199
9.922450065612793 17.5137383837448
9.98487377166748 17.445491108857624
