0.9508721828460693 12.439251655849274
1.1747084856033325 10.990628527513197
1.3057578802108765 10.64849202605665
1.4056737422943115 10.524873194353392
1.4962660074234009 10.35673031988787
1.5661650896072388 10.314078523400116
1.6199910640716553 10.217793969292693
1.6619185209274292 10.174321612180522
1.7056726217269897 9.961455711289934
1.755247950553894 9.779504091680513
1.8166375160217285 9.480733951288864
1.8868821859359741 9.167518370307741
1.9635095596313477 8.869620803418556
2.0253384113311768 8.586702614711658
2.079561948776245 8.409115253235305
2.136563301086426 8.265561587536979
2.1899373531341553 8.020296121598752
2.2485172748565674 7.8097760454187375
2.3126163482666016 7.529063693033801
2.3806233406066895 7.238677399430275
2.4303035736083984 7.1200964188374165
2.4744789600372314 6.8363571196025585
2.5201964378356934 6.6091701207609095
2.563561201095581 6.399210689951373
2.613997220993042 6.032136809134463
2.6647496223449707 5.72566216374654
2.7191226482391357 5.418488150932792
2.776202917098999 5.105067926790397
2.8307642936706543 4.828169894022502
2.8840932846069336 4.580243597441579
2.938188076019287 4.251008628278587
2.9851057529449463 4.139076992828987
3.0245800018310547 3.9967521307609797
3.060856819152832 3.7973507426596647
3.0970330238342285 3.631501937172038
3.1315360069274902 3.586625294613893
3.1640639305114746 3.466645347918489
3.1968014240264893 3.349904342226335
3.2321510314941406 3.142809311442606
3.2738051414489746 2.890620116314016
3.316772937774658 2.6998600952873897
3.3575031757354736 2.534110219114866
3.3963983058929443 2.437002445226476
3.428622245788574 2.363086652841731
3.457714319229126 2.314088039032752
3.4864141941070557 2.268205574935778
3.5175375938415527 2.047689592162671
3.5515193939208984 2.012987070195235
3.586413621902466 1.893027545739555
3.6209585666656494 1.847937138697289
3.655867338180542 1.835135179719819
3.6918768882751465 1.7709024508702984
3.7268238067626953 1.7950306140776466
3.758207321166992 1.7893161098265786
3.7892487049102783 1.8490658248005485
3.8190717697143555 1.8581459669273461
3.8494033813476562 1.8552932966256008
3.8788092136383057 1.942404737124551
3.9069933891296387 2.021183095077686
3.932579278945923 2.027327388570031
3.9604737758636475 2.000098067732003
3.995893716812134 1.9789306856405702
4.037136554718018 1.9757979368077356
4.078052520751953 2.053274449179497
4.11753511428833 2.120870198053599
4.155028343200684 2.19354863580171
4.188235282897949 2.4006757340768927
4.214160442352295 2.594586158286248
4.236316680908203 2.7632619989131726
4.258781909942627 2.8622339175021114
4.282182693481445 2.9462118399957022
4.3058953285217285 3.063002919900831
4.330231189727783 3.1618776122842567
4.356299877166748 3.2276029925914336
4.387327194213867 3.2825608460631
4.423641204833984 3.3979541886225237
4.463287830352783 3.6177278666510584
4.500596046447754 3.867130853600581
4.535951137542725 4.131755348074434
4.573383331298828 4.3498348196581285
4.617363929748535 4.56337936197883
4.662266254425049 4.91266494707511
4.70382022857666 5.208929571860574
4.741614818572998 5.5288945197803265
4.778860569000244 5.8198104142967235
4.8178815841674805 6.140921562139172
4.8626017570495605 6.478839406738994
4.910696029663086 6.8905485509429125
4.963036060333252 7.251167534955832
5.021488666534424 7.710457513100144
5.0787129402160645 8.275008556732871
5.13918399810791 9.006600186900915
5.211324691772461 9.935915100108026
5.299527168273926 10.885722356572298
5.37760066986084 11.42411037322097
5.442637920379639 12.012400087096802
5.502726078033447 12.410024487101971
5.568203926086426 12.672830090887057
5.641962051391602 13.233995769108867
5.711440086364746 13.661344735434406
5.791258335113525 14.055898164219885
5.873111724853516 14.414385455197971
5.954396724700928 14.740292919436996
6.033411026000977 14.997397043581561
6.112621784210205 15.383081761828503
6.187434196472168 15.789226724011893
6.252694606781006 16.09542513448366
6.311933994293213 16.35345989607891
6.365262031555176 16.72613194857453
6.415352821350098 16.876507761664474
6.469430446624756 17.118692831872213
6.5242109298706055 17.357410684882044
6.579348564147949 17.630782782383697
6.6316657066345215 17.885440393644007
6.68817138671875 18.02536738060974
6.747960090637207 18.226981614433797
6.813968658447266 18.468669463263186
6.866134166717529 18.86836217572327
6.911982536315918 19.196365075920276
6.946044921875 19.433430992152108
6.982205390930176 19.378019552268793
7.024362087249756 19.506186234868043
7.069422721862793 19.579319013578502
7.111960411071777 19.723366755256077
7.1500420570373535 19.910896961526674
7.190699577331543 19.969194385379637
7.2361650466918945 20.03800640749605
7.294322490692139 20.072900904885596
7.35285758972168 20.157349903210704
7.414217948913574 20.286851872780186
7.476992607116699 20.46918760255027
7.5336079597473145 20.515736669019358
7.578007698059082 20.74042149423215
7.620463848114014 20.87123178303482
7.666143417358398 20.86379463594645
7.715189456939697 20.854954437974534
7.767129898071289 20.819282722377487
7.820984840393066 20.803488222966184
7.881638050079346 20.812172243931723
7.945153713226318 20.86071119201237
8.003886222839355 20.968244253634595
8.059804916381836 21.075736742094755
8.111357688903809 21.08880741856071
8.165644645690918 21.08115379445654
8.214194297790527 21.266326136747743
8.258809089660645 21.233470351773796
8.30473804473877 21.23024362057218
8.362141609191895 21.148769169796044
8.419779777526855 21.197546514377247
8.474475860595703 21.234609082720947
8.527911186218262 21.227085345752624
8.574915885925293 21.34302488475457
8.615306854248047 21.471731346251484
8.654229164123535 21.44128909051245
8.692341804504395 21.45263000098962
8.730311393737793 21.41210847425251
8.769083023071289 21.372666854035764
8.809368133544922 21.38952938935166
8.85289478302002 21.384959400987093
8.898160934448242 21.324175773646424
8.946778297424316 21.32910725893656
8.991374015808105 21.399916154438316
9.029237747192383 21.40508105891935
9.062591552734375 21.575569429965153
9.097859382629395 21.417002824997777
9.142921447753906 21.32629822854351
9.19254207611084 21.18830608111192
9.250272750854492 21.14378985811948
9.304971694946289 21.16710880753604
9.356392860412598 21.144638226415577
9.41270923614502 21.01870014054292
9.471964836120605 20.916760589508343
9.528392791748047 20.974438995814022
9.573637962341309 20.955843089214774
9.610618591308594 21.064828391028325
9.65063762664795 20.950359844565412
9.696636199951172 20.852893189248306
9.742835998535156 20.8089700394694
9.795988082885742 20.62074329767504
9.849658012390137 20.54494151062361
9.908930778503418 20.403686097000463
9.976825714111328 20.27684804113673
10.044137954711914 20.170332127947894
10.110607147216797 20.121621417986464
10.175798416137695 19.984904094507453
10.242352485656738 19.949372373149103
10.298608779907227 19.869042950711467
10.353506088256836 19.764893396755188
