1.7852593660354614 11.569022496998132
1.8883440494537354 10.767270084765165
1.9474215507507324 10.319204966222511
1.9909180402755737 10.029557178633498
2.023616075515747 9.849119044719638
2.0549426078796387 9.747713363359006
2.0862984657287598 9.669798714544191
2.1164493560791016 9.695977009947445
2.150131940841675 9.689069397716963
2.1873834133148193 9.601189373939434
2.2302253246307373 9.487847085046592
2.2757856845855713 9.260476970549611
2.323594570159912 9.010021941275248
2.372968912124634 8.783178546111028
2.422459840774536 8.588308750826881
2.472811222076416 8.405294668566652
2.5293357372283936 8.450616037377044
2.595036506652832 8.353903217813095
2.6534030437469482 7.829853258234718
2.6927664279937744 7.3482320153016225
2.726769208908081 7.1142400538554345
2.7587954998016357 6.942478447422346
2.791735887527466 6.838210607179184
2.8316197395324707 6.637777363349738
2.8759055137634277 6.4070353902872474
2.9169228076934814 6.214693314553174
2.951875686645508 6.188739546516816
2.983276128768921 6.1427768762361135
3.014190673828125 6.088670007829867
3.0444495677948 6.043912962676643
3.0747456550598145 5.990465548742073
3.106231927871704 5.797330184461993
3.138731002807617 5.549208350631987
3.1715214252471924 5.2844737450065375
3.2035603523254395 5.141392847216177
3.2381157875061035 5.054692628709949
3.2791054248809814 5.135130860994216
3.3274590969085693 5.208968384180499
3.3791940212249756 4.983785843707701
3.4274439811706543 4.965937568607646
3.47330904006958 4.979433643006059
3.530089855194092 5.044060620468684
3.6212353706359863 4.557665189396187
3.6814117431640625 3.977832107284373
3.7338576316833496 3.632368318593307
3.784475326538086 3.529823385523594
3.833564281463623 3.5047944340892427
3.875429630279541 3.437549733719256
3.910917282104492 3.3846383110124276
3.944636583328247 3.2650646849592158
3.982787847518921 3.268826991558098
4.023841381072998 3.2264992086904423
4.063073635101318 3.005851092223444
4.101861953735352 2.7581889298175324
4.140948295593262 2.672767764130855
4.178759574890137 2.5812866394275673
4.217830657958984 2.5886791930669992
4.2557806968688965 2.5588210088653374
4.2946600914001465 2.4845951276399996
4.331811904907227 2.4259419543277065
4.363499164581299 2.418199893758516
4.393027305603027 2.220333898488726
4.427005767822266 2.0450203097960338
4.463535308837891 1.9832015857303102
4.503273010253906 1.8182647108647525
4.544519901275635 1.7659599001556083
4.584136962890625 1.7321177904766825
4.621122360229492 1.7993297254348983
4.654916763305664 1.8308348723253323
4.688748359680176 1.8357051858513622
4.720791816711426 1.8748958870659984
4.754380702972412 1.843077061444418
4.790604114532471 1.835910125555353
4.826986312866211 1.9136297136064673
4.863410472869873 1.986435602742193
4.897238254547119 2.0305959934560662
4.926401138305664 2.133553210214174
4.956757068634033 2.1772883526163955
4.987982749938965 2.1839054348193843
5.023270130157471 2.14730940574514
5.0601091384887695 2.189583120117424
5.098380088806152 2.295490111277642
5.136704921722412 2.398024303115505
5.173752784729004 2.538728863683891
5.209758281707764 2.7307498542926503
5.244176387786865 2.885045758474283
5.278008460998535 3.110664656800708
5.3129401206970215 3.2630605048895234
5.355878829956055 3.3756454552851527
5.40322208404541 3.7125870207505005
5.457479953765869 4.020439322368121
5.516704559326172 4.377438182766982
5.573524475097656 4.81377665877927
5.627170085906982 5.1276983998334655
5.679163932800293 5.390242751563354
5.730000972747803 5.703395742038144
5.777180194854736 5.955241879867334
5.827620029449463 6.2146308862289095
5.871979236602783 6.404644824526252
5.909789562225342 6.479133701096309
5.944290637969971 6.530825522109827
5.976733207702637 6.712254032252632
6.008501052856445 6.751026916151124
6.043615818023682 6.958034275594468
6.083532333374023 7.239238495704202
6.134499549865723 7.594637242534179
6.194186210632324 8.041718929822416
6.26243782043457 8.409958206276338
6.33728551864624 8.780046051181511
6.41411018371582 9.011210368827895
6.494493007659912 9.259317095298606
6.577925682067871 9.604320944242126
6.64631986618042 9.809931261783701
6.708245754241943 10.095859588110063
6.760007381439209 10.2091504525878
6.8079986572265625 10.350949221514332
6.859561920166016 10.452934298064227
6.916309833526611 10.578073250496574
6.972934246063232 10.733331728577213
7.027087211608887 10.907502944383813
7.082921028137207 11.04266732660944
7.1312127113342285 11.211870094425262
7.174520492553711 11.309292949816923
7.2143402099609375 11.528788591343279
7.256474018096924 11.471152246532894
7.299411296844482 11.61255641264794
7.348363399505615 11.519104089870181
7.395424842834473 11.634066658286164
7.446196556091309 11.728134433534505
7.493615627288818 11.892419445050079
7.534308433532715 11.917416066618063
7.574005603790283 11.977146767692247
7.613435745239258 11.99388435209779
7.654238224029541 12.031682975154082
7.695140838623047 12.136764702972043
7.736071586608887 12.185193846294517
7.781055450439453 12.084076818601577
7.831493377685547 12.078253290537402
7.883923053741455 12.076973184175555
7.940515518188477 12.088594190290008
7.996678352355957 12.192540548924663
8.050557136535645 12.249330295963468
8.104771614074707 12.317292428835477
8.157623291015625 12.354293234015833
8.21129322052002 12.358710890519486
8.266721725463867 12.450126154617903
8.318812370300293 12.496284982161256
8.367213249206543 12.585979355843381
8.41011905670166 12.717134012550076
8.452911376953125 12.806908076643948
8.499856948852539 12.721770003134052
8.546281814575195 12.880765600475307
8.591907501220703 12.836633391127567
8.642593383789062 12.767390187668493
8.695781707763672 12.770880833773635
8.752081871032715 12.769485198667542
8.808563232421875 12.772705206518733
8.86251163482666 12.810656812502486
8.914366722106934 12.880378658153807
8.970342636108398 12.892884907983444
9.015467643737793 13.007133409196348
9.057908058166504 13.006406164724694
9.097604751586914 12.952488653451352
9.141364097595215 12.987575286879848
9.184353828430176 12.97766960949753
9.230117797851562 12.920528257529973
9.280261039733887 12.907427956499278
9.335741996765137 12.770896273900558
9.387855529785156 12.792238444827259
9.44069766998291 12.774695518552765
9.497260093688965 12.731406833815736
9.552090644836426 12.718080035741623
9.60155200958252 12.75423874464115
9.644996643066406 12.747618516343385
9.689793586730957 12.648530368497733
9.744194984436035 12.568303675210654
9.804878234863281 12.407939748455748
9.867756843566895 12.351684151853744
9.932438850402832 12.239255586923601
9.996182441711426 12.166789691636259
10.05931282043457 12.048364136595278
10.122429847717285 12.0201666164364
10.180581092834473 11.935670144929807
10.233534812927246 11.899060541308437
10.284138679504395 11.884470005577342
10.33328628540039 11.870394571900244
10.381795883178711 11.683371004955172
10.433250427246094 11.610980619982902
