0.8672585487365723 7.215694030316124
1.048844814300537 6.5600416641181045
1.1676825284957886 6.043132225178659
1.2787415981292725 5.786053531520878
1.396183967590332 5.549930600672204
1.4987804889678955 5.42224619511999
1.6039438247680664 5.101442436603406
1.6799604892730713 4.804175741379974
1.7460097074508667 4.51114398008247
1.808345913887024 4.156397116100746
1.8666831254959106 3.8834502314467074
1.9182184934616089 3.639237903848894
1.9670542478561401 3.285611838547112
2.0086123943328857 3.081592392448875
2.044886589050293 2.9812194828886622
2.0763864517211914 2.9864656330590016
2.1048991680145264 2.975901622937741
2.132369041442871 2.931736892940396
2.16325044631958 2.811318486666225
2.1989994049072266 2.7570179537266157
2.238391160964966 2.685238104886885
2.276136636734009 2.6542436649617236
2.3146586418151855 2.6429919860441586
2.3530023097991943 2.6294368811800024
2.3893117904663086 2.6164570427415526
2.4217920303344727 2.5230897408274733
2.455078601837158 2.505716083769579
2.491095781326294 2.3799456589678316
2.5330874919891357 2.26807506990601
2.580151319503784 2.2131100458685826
2.625978708267212 2.192253425494568
2.666250467300415 2.1208268518871853
2.7005455493927 2.0002158938892385
2.7310736179351807 2.1503419822358705
2.7601404190063477 2.107781372767007
2.789229393005371 2.062478495136238
2.8230223655700684 2.026139604630262
2.8629941940307617 2.039367569841699
2.907731294631958 2.0005032756204857
2.958512544631958 1.9980712293061145
3.0119214057922363 1.9448192269141316
3.064678192138672 1.9447378362612775
3.108822822570801 1.9600437269805484
3.1511194705963135 1.962292668831693
3.1891393661499023 2.033191116500693
3.225508689880371 2.159790482619052
3.261861562728882 2.1667854135537414
3.2983713150024414 2.1853955506311875
3.3431832790374756 2.1123681070084985
3.391584873199463 2.152625655872176
3.439141035079956 2.2436944080846257
3.4826834201812744 2.3557883348275563
3.526068925857544 2.481018069114752
3.5759761333465576 2.550915135053886
3.6283247470855713 2.659520078402689
3.677955150604248 2.7749505844023212
3.722376823425293 2.931789010826773
3.769402265548706 2.905423104379892
3.8218281269073486 3.0280134139893513
3.8737504482269287 3.0528148219730538
3.925187349319458 3.193758320745164
3.9769725799560547 3.458414699179015
4.025460243225098 3.4636217805953238
4.068660259246826 3.5733377327342635
4.1070098876953125 3.599684173933495
4.1469573974609375 3.6963979227201005
4.193305969238281 3.6672360127942296
4.239290714263916 3.681078838887318
4.28530216217041 3.7197998046737575
4.331193447113037 3.728795184758447
4.377968788146973 3.7648290799179778
4.420256614685059 4.0011854569419985
4.461722373962402 4.106561072382243
4.502658367156982 4.3088749918118205
4.542583465576172 4.379539800338009
4.582087993621826 4.468834862352627
4.623559474945068 4.595212438398554
4.670198917388916 4.839248642404069
4.7159953117370605 4.9886853505595745
4.7594780921936035 5.040863112799541
4.80099630355835 5.165768846828887
4.846014022827148 5.283679261175278
4.8959431648254395 5.359397847438772
4.95487117767334 5.519086266267663
5.009875297546387 5.547923138038717
5.059665203094482 5.720232542924334
5.105156421661377 5.845906048978421
5.1492767333984375 6.0207371438159
5.194432258605957 6.057831246795572
5.245070934295654 6.177814381105482
5.302049160003662 6.39472181605402
5.353346824645996 6.659820846834583
5.406917095184326 6.760416138226184
5.456291198730469 6.843063493534985
5.504727840423584 7.002373786990121
5.55187463760376 7.0999797717286395
5.600625038146973 7.125143876686098
5.650299549102783 7.1423406174734945
5.707321643829346 7.207370418788285
5.768022537231445 7.247584707976088
5.823435306549072 7.30239858456404
5.869055271148682 7.3113780316549315
5.908019542694092 7.382823922022973
5.946966171264648 7.362326826927694
5.990789890289307 7.453553686278141
6.035735130310059 7.566642417431667
6.080043315887451 7.631136404001531
6.12383508682251 7.712639224056752
6.171742916107178 7.7697424227363
6.2288079261779785 7.786481141565186
6.287206172943115 7.996194910062918
6.339308738708496 8.065445934268395
6.388652801513672 8.106788446861671
6.441622257232666 8.189083870128265
6.491259574890137 8.21883503548191
6.542220115661621 8.28097529158606
6.5930681228637695 8.31219690629327
6.646587371826172 8.408103052406961
6.695559978485107 8.429436674904299
6.748013973236084 8.411641693308342
6.802921772003174 8.467122533569482
6.859017848968506 8.563745614906727
6.910213470458984 8.657699711210299
6.958262920379639 8.750720926997122
7.001061916351318 8.842577057928862
7.035070896148682 8.925649237223592
7.067324638366699 9.000599729670324
7.101354598999023 9.068493674896624
7.133563041687012 9.007962149667216
7.167381286621094 9.04274669360967
7.201880931854248 9.043936600557112
7.2380194664001465 9.04407465106408
7.274653434753418 9.02057022650869
7.317502021789551 8.978823832312644
7.364728927612305 8.99325464014236
7.4168548583984375 8.98193247973322
7.468371868133545 9.04017807991674
7.514377117156982 9.13803487278748
7.558549880981445 9.188719099837861
7.605439186096191 9.171511278706896
7.655310153961182 9.204328513422894
7.701920509338379 9.265995909498109
7.748116493225098 9.29452457748767
7.795882225036621 9.287629462202503
7.84497594833374 9.374617732057823
7.892482757568359 9.437474328016691
7.934412002563477 9.48359893733748
7.979119777679443 9.456703842266146
8.02482795715332 9.554718557794393
8.068219184875488 9.607958222375553
8.109053611755371 9.652139883924471
8.151093482971191 9.616880441938202
8.19601058959961 9.64164025292928
8.23888874053955 9.70831090774862
8.279500961303711 9.800327215177713
8.316498756408691 9.812734446816556
8.350998878479004 9.875735872419764
8.38719654083252 9.888656385695613
8.425439834594727 9.84305200721839
8.465607643127441 9.879473089703353
8.511950492858887 9.840200418569045
8.559590339660645 9.794060090394165
8.615673065185547 9.776400938733419
8.677746772766113 9.769093717930087
8.739497184753418 9.85538659109468
8.796320915222168 9.886293502755963
8.846126556396484 10.038237971982289
8.889507293701172 10.071819243066308
8.933404922485352 10.063673094741377
8.983528137207031 10.043976598812414
9.037718772888184 10.068698427924343
9.089730262756348 10.1635403510552
9.1443452835083 10.073767829509585
9.202528953552246 10.18660310710001
9.25274658203125 10.32646263329833
9.297650337219238 10.37782006649307
9.346954345703125 10.272797784121764
9.402997016906738 10.34348172923498
9.459076881408691 10.263069778097208
9.512699127197266 10.352654495496267
9.561800956726074 10.387926067718887
9.60994815826416 10.38912198228312
9.657316207885742 10.419222135906434
9.708646774291992 10.394801271718359
9.755524635314941 10.497327722508725
9.801241874694824 10.460481634682047
9.849231719970703 10.396008903143697
9.901633262634277 10.333911777890773
