0.9041239619255066 4.581550631282254
1.0069091320037842 4.0657871952537405
1.0806804895401 3.7715865538931688
1.1566311120986938 3.874521235028596
1.259350299835205 4.201569648148081
1.3826966285705566 4.1337188179513955
1.4822301864624023 4.17507766320884
1.5764025449752808 4.104528397498278
1.6687496900558472 3.765347555603044
1.733873963356018 3.5290225338751946
1.788485050201416 3.3205321360690703
1.8403955698013306 3.10761918048444
1.8879791498184204 2.8867564053542223
1.9363384246826172 2.7230355215005724
1.9810014963150024 2.5588494778068944
2.0224697589874268 2.4421527759518025
2.05991268157959 2.3181172587764407
2.0931143760681152 2.180520692802399
2.1282312870025635 2.102993845802699
2.160747766494751 2.040296378875699
2.191089153289795 2.0629392001849447
2.2233927249908447 1.9680679452141279
2.258366823196411 1.9466772165400754
2.2943274974823 1.9300981941420208
2.3297243118286133 1.9849807706256426
2.361314296722412 2.086017265994713
2.390791893005371 2.098022310455723
2.418288230895996 2.2338490376473312
2.446993350982666 2.2199292993044026
2.4818949699401855 2.11076244203088
2.5238280296325684 2.0827169513415273
2.573725461959839 2.0501348353097546
2.624225378036499 1.9416867496676438
2.672044277191162 2.0155628259545537
2.7237863540649414 2.004463601904303
2.7782087326049805 2.0608891965265723
2.8341946601867676 2.1044364913456146
2.883814573287964 2.2662979164170056
2.9246294498443604 2.2669788175504073
2.9596943855285645 2.329306381637109
2.9892501831054688 2.309545162690435
3.018882989883423 2.32304435247235
3.050048351287842 2.296979074650856
3.0807712078094482 2.2905381828121802
3.113607883453369 2.3356269639911056
3.1454169750213623 2.372442103131569
3.1769745349884033 2.449770538987791
3.209505558013916 2.549772387325737
3.2453927993774414 2.6729409026597533
3.2868118286132812 2.866766972914803
3.338244915008545 3.0702867360362536
3.396637201309204 3.286098754292392
3.45987868309021 3.234794997818292
3.5192484855651855 3.284548601762711
3.5774645805358887 3.428524616905181
3.6319823265075684 3.551428932111746
3.686439037322998 3.692862948607972
3.7348580360412598 3.6425039489294138
3.7795333862304688 3.663201360658052
3.82584285736084 3.780928328380603
3.87148380279541 3.9941741741309458
3.9155771732330322 4.21880860826977
3.9598867893218994 4.401429667587278
4.004481315612793 4.7819814135322
4.053856372833252 5.049288930370599
4.104246616363525 5.094028343129272
4.155482292175293 5.104189941027478
4.202964782714844 5.254728822046755
4.246267795562744 5.442841353661831
4.284961700439453 5.62813274134618
4.321354389190674 5.792857986427443
4.361205101013184 5.975030924832553
4.40611457824707 6.228089523165883
4.451791763305664 6.495718266307017
4.491739749908447 6.671149698642072
4.527955055236816 6.903975669923877
4.561420917510986 7.047755456197045
4.593475818634033 7.281815773923596
4.6245012283325195 7.50246884372294
4.657323360443115 7.863222206326496
4.693150520324707 8.178796247303199
4.739181995391846 8.699372920868615
4.791962623596191 9.24447737158663
4.8566155433654785 9.95056175116903
4.937786102294922 10.36180298953166
4.999613285064697 10.530154851855123
5.0484938621521 10.648919275315636
5.095538139343262 10.854630589909213
5.137408256530762 11.031230654317612
5.177740573883057 11.192544588851439
5.217085838317871 11.352570302633676
5.260018825531006 11.567628573728213
5.302996635437012 11.865128305062965
5.348642349243164 12.190098760148059
5.396623611450195 12.58397858879226
5.4419779777526855 12.966186888573432
5.498790740966797 13.439067168386915
5.556936264038086 13.849610373700092
5.626649379730225 14.269342830474093
5.6898512840271 14.593940088984114
5.755916118621826 14.974227762311788
5.822046279907227 15.355813383340235
5.893786430358887 15.769022057387438
5.961044788360596 16.103187320152873
6.038052558898926 16.452620089534815
6.103942394256592 16.802669122796708
6.169291019439697 17.013738729684494
6.240533351898193 17.385215005130018
6.307140827178955 17.655792396510016
6.370193958282471 17.89646354821963
6.4286980628967285 18.025973263340347
6.487426280975342 18.237774472827244
6.546383380889893 18.311027501361394
6.602983474731445 18.512866728461567
6.666851997375488 18.837952534264996
6.7388916015625 19.210382941794578
6.826986312866211 19.57041631953364
6.938626289367676 20.09331483539528
7.036862850189209 20.186930369761548
7.128870010375977 20.126801823490624
7.2109270095825195 20.301577546886197
7.284933567047119 20.409482144942114
7.349384307861328 20.53887296461197
7.418064594268799 20.571655092704216
7.4820756912231445 20.566641500096612
7.545022964477539 20.55362708772038
7.607137680053711 20.477432817844605
7.667994499206543 20.588957985570016
7.730597019195557 20.638486908549165
7.790868282318115 20.765393548412025
7.847665786743164 20.79914347173101
7.902946949005127 20.696438731890375
7.96221923828125 20.600739497107607
8.024173736572266 20.553334384041158
8.082498550415039 20.58535368800594
8.132543563842773 20.59704192182907
8.177297592163086 20.633462789053652
8.217733383178711 20.632496049197254
8.249971389770508 20.75502164334523
8.278009414672852 20.763659570136006
8.305538177490234 20.7230862964951
8.338593482971191 20.550442136488183
8.377634048461914 20.453271730176475
8.42224407196045 20.370795744627607
8.468979835510254 20.290007591741055
8.51696491241455 20.294687161137077
8.561129570007324 20.288581793843388
8.602422714233398 20.279643171751502
8.643521308898926 20.260424902513872
8.686895370483398 20.17685644090169
8.73534870147705 20.08119998611067
8.783021926879883 20.085223745523738
8.829391479492188 20.03222194668255
8.874885559082031 20.02402352427959
8.919621467590332 20.017535220612483
8.96219539642334 19.917114826357672
9.007611274719238 19.977541157356
9.050322532653809 19.92691876363873
9.089917182922363 19.921919220661362
9.132246971130371 19.83567360565313
9.176854133605957 19.718206492957524
9.227836608886719 19.584556352164775
9.282538414001465 19.5692085870044
9.335206031799316 19.564636117711448
9.38310432434082 19.546366566181007
9.429201126098633 19.561727512211753
9.469561576843262 19.521607427414768
9.50736141204834 19.540437405157217
9.548820495605469 19.467506752052106
9.590776443481445 19.37253120641224
9.632670402526855 19.372543155233064
9.674949645996094 19.33263602241349
9.716937065124512 19.25833583052265
9.758554458618164 19.24237112936318
9.805870056152344 19.036792319389725
9.85761547088623 19.00168931414756
9.90749454498291 18.91623036223296
9.955041885375977 18.90956091631727
10.002516746520996 18.76569246982491
10.056523323059082 18.721809637442636
10.120975494384766 18.609590638880647
10.182592391967773 18.482744984333074
10.245684623718262 18.401917275132377
10.309455871582031 18.28074911412354
10.376988410949707 18.082878119293106
10.449604988098145 17.92739026543655
10.523622512817383 17.747710414975682
10.594526290893555 17.609185411257783
