1.3250960111618042 6.819895250613305
1.4493194818496704 6.048909654065752
1.5130705833435059 5.70482983646441
1.5658067464828491 5.318529390746359
1.6168889999389648 5.055481484311891
1.6609493494033813 4.8986407100324945
1.7057163715362549 4.602991572392151
1.7499768733978271 4.399998892832373
1.7963597774505615 4.292508325753283
1.8442020416259766 4.151156251048963
1.8910987377166748 4.062621918016391
1.9348154067993164 4.043035415510676
1.9789561033248901 3.9631462194269536
2.024906635284424 3.9188026668865192
2.072789192199707 3.819959038851605
2.123008966445923 3.6900036508684226
2.1694037914276123 3.653658120454743
2.212902069091797 3.6969258648948307
2.256791114807129 3.4365560661262022
2.297684669494629 3.389219458072683
2.339498519897461 3.212739470016121
2.3774054050445557 3.102203989147157
2.4141793251037598 2.9592332037877727
2.4489128589630127 2.8549635044498953
2.4847283363342285 2.714391452413505
2.522409200668335 2.571266886586066
2.560883045196533 2.420172254214032
2.5982885360717773 2.3338919033170407
2.6346099376678467 2.3136792471880745
2.6705775260925293 2.2756913841988564
2.707317352294922 2.249793093676156
2.7464497089385986 2.0650729917396524
2.790255546569824 2.0018778910322856
2.8341729640960693 1.9399637806497485
2.874210834503174 1.9746827126567315
2.9106075763702393 1.9787760553399933
2.9449682235717773 1.8794084672605036
2.9776718616485596 1.8495366369425275
3.007058620452881 1.7874867157042273
3.0337560176849365 1.7009112118922205
3.061382532119751 1.6683657212866168
3.088390350341797 1.724126849245672
3.1159515380859375 1.8166829182412554
3.145217180252075 1.9856942635677577
3.175100088119507 2.1123874705019956
3.208631753921509 2.1782433320674124
3.2423040866851807 2.2878016490554844
3.275984525680542 2.3241487649378003
3.309946298599243 2.3085530009545914
3.346410036087036 2.364476574464406
3.384385108947754 2.422766490185022
3.4198780059814453 2.483755470241306
3.4521727561950684 2.5791779753140536
3.483910322189331 2.5627329704731676
3.5138778686523438 2.614088217806215
3.544191360473633 2.707733676083365
3.578181028366089 2.8541744405353073
3.6134226322174072 3.0142231058838314
3.6496429443359375 3.1719756047307186
3.687621831893921 3.2933116502667454
3.725276470184326 3.4394304267923372
3.760038375854492 3.606603722414131
3.7939741611480713 3.769917093026767
3.8285701274871826 4.0171624914996436
3.8637893199920654 4.2971908093642055
3.903106689453125 4.522115273080501
3.9389545917510986 4.775646389499592
3.9706053733825684 4.952217878602559
4.003749847412109 5.037300891636057
4.040506362915039 5.079116403089141
4.078423500061035 5.18349345954631
4.117444038391113 5.360216809648852
4.156037330627441 5.469497404810534
4.195178985595703 5.65779031629655
4.233123302459717 5.9282868086903155
4.271327972412109 6.245920453606958
4.310962200164795 6.483373364883735
4.353868007659912 6.8412947412421135
4.398025989532471 7.219812295072813
4.442091941833496 7.590366347437475
4.483677387237549 7.842860814256647
4.527371406555176 8.080390303433004
4.572654724121094 8.390531347211121
4.619781494140625 8.694319645591525
4.678481101989746 9.177508415158094
4.739658355712891 9.460983385070492
4.803547382354736 9.842717963857796
4.8677754402160645 10.40278815884943
4.937070846557617 10.971559666889403
4.993762969970703 11.306209614993254
5.043665409088135 11.41925311607153
5.085392475128174 11.52525863794384
5.1239824295043945 11.614435226225558
5.1639723777771 11.766094152840367
5.205438137054443 11.966714486248375
5.248325824737549 12.173104298727397
5.290482997894287 12.457235897827925
5.3326239585876465 12.723982799482425
5.373687744140625 13.026643030862319
5.414341926574707 13.359372271501199
5.457643985748291 13.747975513912927
5.502437114715576 14.154339321267374
5.550059795379639 14.375523344994797
5.612895488739014 14.676814122435074
5.678165435791016 14.994105038646037
5.742093563079834 15.232322559834259
5.803776264190674 15.577192708602906
5.864375591278076 15.910226741680372
5.92902135848999 16.346932616226894
5.987729549407959 16.68461113769261
6.050577163696289 17.05520868745429
6.111361503601074 17.502213306150065
6.18004035949707 17.949585519720458
6.254308700561523 18.161504999053964
6.331742286682129 18.360515888183233
6.410777568817139 18.523129047307187
6.499449253082275 18.70317563476494
6.582606315612793 18.83194446894122
6.668675899505615 18.95511638744315
6.743550777435303 19.15113281211396
6.822734832763672 19.269352711362984
6.898238182067871 19.454278930908444
6.959054470062256 19.62339959938203
7.014026165008545 19.64876916855422
7.0691447257995605 19.679804799478998
7.12628698348999 19.78992135622554
7.1764421463012695 19.794361310764412
7.225265026092529 19.889812697160387
7.27947473526001 19.85345037592231
7.333211898803711 19.881143120199884
7.387818813323975 19.86112386412773
7.437979698181152 19.912429832019935
7.486053943634033 19.965035481272746
7.533318519592285 20.005181034144876
7.578189849853516 20.022663008935176
7.620932102203369 19.960740734218273
7.664462089538574 20.01023259142404
7.7067952156066895 20.037887393943585
7.749664306640625 20.01559804636588
7.795093059539795 20.022417482029574
7.851673126220703 20.046626138103637
7.907769203186035 20.161015487055234
7.96251916885376 20.287578738002146
8.013070106506348 20.328956984085245
8.06149673461914 20.354406452451055
8.108657836914062 20.47017584668031
8.154745101928711 20.39661565095908
8.203845977783203 20.51533973486846
8.255224227905273 20.463550415975234
8.305418014526367 20.457073278131297
8.35789966583252 20.45038511778434
8.407231330871582 20.604384246014426
8.453010559082031 20.54595633882225
8.49690055847168 20.569665572223858
8.544889450073242 20.52758251357118
8.59160327911377 20.531242842922087
8.63894271850586 20.46685990476679
8.68930435180664 20.456338288516925
8.736894607543945 20.42896698523743
8.785881042480469 20.382894658964723
8.837678909301758 20.293964833486204
8.891663551330566 20.23769311486228
8.943946838378906 20.23628966306947
8.995410919189453 20.27558412664535
9.040242195129395 20.266522438957253
9.079158782958984 20.29637837924579
9.118783950805664 20.23198166097131
9.160052299499512 20.169281275786084
9.206642150878906 20.125486260905785
9.25528621673584 20.009519530835195
9.307453155517578 19.85481954427813
9.357335090637207 19.95627495766719
9.401762962341309 19.940880583643185
9.448875427246094 19.821227715657077
9.498233795166016 19.77424363605569
9.550189971923828 19.72864649128869
9.603791236877441 19.64889225418511
9.657965660095215 19.533104482268264
9.713574409484863 19.488261410366572
9.775533676147461 19.354871615937938
9.83991527557373 19.312395456805167
9.906744956970215 19.21803022118233
9.965497016906738 19.200781479814996
10.02807331085205 19.171940199078087
10.0896635055542 19.14622429790377
10.146008491516113 19.045261454696128
10.201637268066406 19.10352949128046
10.255643844604492 19.034171752586698
