0.880983829498291 8.66277193300536
1.1332004070281982 8.278491207812193
1.3011560440063477 8.05457387148109
1.4360597133636475 7.449476228770177
1.559153437614441 6.960742363553214
1.6430124044418335 6.777608932866697
1.711617350578308 6.517498630775952
1.7737677097320557 6.1993131662232885
1.835494041442871 5.954848053565067
1.8991841077804565 5.687980040659974
1.9554455280303955 5.444759763721754
2.0120739936828613 5.18682137926734
2.0704972743988037 4.941704248696511
2.1230573654174805 4.799959515277437
2.1699020862579346 4.621776080567897
2.213186025619507 4.412062310829088
2.2593789100646973 4.190645155633409
2.3058621883392334 4.032695796341459
2.3538262844085693 3.8459453295315944
2.400190591812134 3.6947046192645323
2.4440743923187256 3.6131802294391835
2.484734058380127 3.4505951310165144
2.526257038116455 3.323436164530278
2.5646708011627197 3.1690009291971726
2.6023592948913574 3.0207961562934633
2.6414949893951416 2.7436602878119922
2.6817150115966797 2.5495585364057813
2.72153377532959 2.3889945965236308
2.76147198677063 2.291672475666942
2.7997987270355225 2.1527110453076297
2.836914300918579 2.0519998437303664
2.875746488571167 1.931327221189184
2.9126136302948 1.8420387841934174
2.947392225265503 1.8306579976464041
2.982861042022705 1.7281257168143802
3.0164055824279785 1.705243814128385
3.0494673252105713 1.6502756412863135
3.083012580871582 1.702293046776161
3.1164944171905518 1.7025371129700209
3.150712728500366 1.7851658515002966
3.183741331100464 1.8445131609326284
3.21589994430542 1.8575655235982975
3.24753737449646 1.863165542538985
3.2796030044555664 1.919080871179089
3.3102588653564453 1.965515983491023
3.342172861099243 2.0895256149773123
3.3751626014709473 2.11245353817331
3.409717559814453 2.2545562068799487
3.445411205291748 2.296696427073421
3.481015682220459 2.4793741854210847
3.514803886413574 2.5971565930318863
3.546297788619995 2.8059975255043588
3.5762791633605957 2.9750009955359116
3.605429172515869 3.1391067376480164
3.6362569332122803 3.2042046947250595
3.669428586959839 3.3901641565203935
3.704627513885498 3.639160455486274
3.7422127723693848 3.746258269566574
3.779207468032837 3.9975155253297396
3.818805456161499 4.183036703096588
3.860734462738037 4.451377424886587
3.901132345199585 4.698623351883786
3.9431018829345703 4.951362696004409
3.9838006496429443 5.144726902602234
4.0282158851623535 5.435846827459118
4.0717692375183105 5.609129655121338
4.112975120544434 5.828361094797713
4.157253265380859 6.118431508730419
4.201963424682617 6.457553714244036
4.248096942901611 6.786706766955706
4.295342445373535 7.0800637972695375
4.338645935058594 7.24365634283269
4.382623195648193 7.484511588857864
4.428762435913086 7.8629947880530775
4.476118564605713 8.17832137042034
4.524266242980957 8.602993849530193
4.572222709655762 8.912348630962532
4.6193461418151855 9.171309721207804
4.6680450439453125 9.47199886770512
4.716610431671143 9.782562157243866
4.766654968261719 10.056350916291139
4.820907115936279 10.471572364096417
4.873781204223633 10.895062349004675
4.924500465393066 11.252284787419043
4.974775791168213 11.64414909560896
5.029450416564941 12.028010362207127
5.09247350692749 12.660061251809028
5.18950080871582 13.468948341373125
5.283569812774658 13.91076446983469
5.350024223327637 14.301855667384917
5.413951873779297 14.536339687310036
5.474757194519043 14.6996182709423
5.53208065032959 15.021960447899376
5.589056015014648 15.23254524386481
5.641599178314209 15.593882159864531
5.690123081207275 15.769302325241854
5.741703510284424 15.960927499209253
5.790594100952148 16.206425432983846
5.838863849639893 16.37881060630711
5.887324810028076 16.6107882812329
5.930392742156982 16.80813190172836
5.978684902191162 16.935289371614374
6.028287410736084 17.083356640956282
6.074209213256836 17.26009234550015
6.118284225463867 17.511292135579847
6.1656060218811035 17.68430069576861
6.212750434875488 17.861932450332894
6.257383346557617 18.140331713681253
6.307829856872559 18.213747002025087
6.359488010406494 18.40293048919304
6.415715217590332 18.595922792245283
6.469681739807129 18.75078957319959
6.520625591278076 18.86004953568682
6.57467794418335 19.07934170566131
6.6288533210754395 19.174601100999762
6.690393924713135 19.33589419680183
6.754333972930908 19.588658005439996
6.824163913726807 19.70431202304584
6.885890960693359 19.829219778420114
6.949511528015137 20.008612210458548
7.007596969604492 20.147031418688673
7.064813137054443 20.231715343820117
7.118852615356445 20.25898381797838
7.174279689788818 20.319774509609875
7.228009223937988 20.295603307833897
7.283220291137695 20.39008144704829
7.341947555541992 20.431191015141824
7.402347564697266 20.531445858588995
7.458606719970703 20.66618393644253
7.518060207366943 20.675175957068173
7.5798115730285645 20.727493222205673
7.6363630294799805 20.825769740827916
7.694267272949219 20.79685023026386
7.74322509765625 20.79611668972918
7.794336795806885 20.83836321848505
7.847203731536865 20.820936008906912
7.899249076843262 20.78644346515296
7.949968338012695 20.887579858429085
7.996390342712402 20.88167992974752
8.037544250488281 20.947059135723222
8.079375267028809 21.01679462075895
8.121423721313477 20.893808828014915
8.16306209564209 20.851097550554737
8.205987930297852 20.871126439046915
8.25317096710205 20.84460888158857
8.299592971801758 20.83594091164721
8.347413063049316 20.8288251562609
8.399456024169922 20.737387586560065
8.452751159667969 20.769529474182857
8.505393981933594 20.773191915905674
8.56022834777832 20.767835689354005
8.610711097717285 20.703366191803568
8.658828735351562 20.770299241625843
8.706462860107422 20.709047068012875
8.754019737243652 20.78281375402631
8.800786018371582 20.73922603937542
8.846875190734863 20.806728074656828
8.88944149017334 20.728955082463848
8.93323040008545 20.719700128739326
8.978750228881836 20.743985335947844
9.024175643920898 20.71918416396881
9.067968368530273 20.7128735557374
9.113075256347656 20.643406837204132
9.160822868347168 20.591972620209464
9.208579063415527 20.558329458499347
9.254981994628906 20.5956587282691
9.298076629638672 20.584056753021443
9.344480514526367 20.54927472812492
9.387242317199707 20.562946036286572
9.428959846496582 20.493905251572283
9.470793724060059 20.487709195190078
9.515888214111328 20.454012753054045
9.557905197143555 20.40562461562369
9.597777366638184 20.464764693013684
9.637476921081543 20.460812773457207
9.681001663208008 20.338422717614637
9.725356101989746 20.273048998893167
9.773711204528809 20.238199086043984
9.82557201385498 20.184886357809688
9.877423286437988 20.087001426537704
9.927244186401367 20.113728411149978
9.977530479431152 20.08104740054761
10.033744812011719 19.98003079113049
10.087811470031738 19.98390282259798
10.142817497253418 19.897886162531034
10.199146270751953 19.759174851305016
10.255960464477539 19.693365959745773
10.32494068145752 19.532376988343568
