0.6911599040031433 6.736416992578586
0.8015390038490295 6.752085105361709
0.9057494401931763 6.445588874952086
0.9860066771507263 6.549987008726164
1.0651646852493286 6.203100787359934
1.1394214630126953 6.135740350635622
1.2103971242904663 5.995033754903322
1.276645541191101 5.914656572025548
1.3402612209320068 5.837831435705484
1.4050424098968506 5.569319841240345
1.4704914093017578 5.489761528179745
1.5279178619384766 5.4306387616631655
1.5894191265106201 5.345418704055252
1.6489272117614746 5.255430996063458
1.7111773490905762 5.19087860344484
1.7691625356674194 5.177712810505452
1.8268641233444214 5.078530463203249
1.8941736221313477 4.98262334081556
1.9608126878738403 4.859979427759838
2.027656316757202 4.5948369058640335
2.083925485610962 4.469860702294653
2.1401805877685547 4.414084509199299
2.193225145339966 4.299273241505906
2.23996901512146 4.262020893991391
2.2878196239471436 4.090675417729616
2.3390607833862305 3.9023460355819446
2.391864538192749 3.7715196454879405
2.4440462589263916 3.6473463469410263
2.4945027828216553 3.4000421969992565
2.548017740249634 3.149243105649363
2.597559928894043 2.982183485203655
2.6452105045318604 2.81116345232442
2.691924810409546 2.670976151474934
2.7387897968292236 2.474814330585025
2.7867815494537354 2.345401536101014
2.8322041034698486 2.2310699319972938
2.875684976577759 2.16874378981436
2.917006731033325 2.1282376992944916
2.956791639328003 2.0253090498562343
2.999100685119629 1.9569270984418845
3.041958808898926 1.8832183972721757
3.08663272857666 1.8813499872018224
3.12670636177063 1.8650099842364827
3.1614277362823486 1.8728580793547769
3.193007230758667 1.8453213141549025
3.2226181030273438 1.8242820774614028
3.2528038024902344 1.767191724522092
3.281270742416382 1.7294222949021811
3.3091139793395996 1.7214060761453707
3.3385634422302246 1.7362357881952055
3.371277093887329 1.7852810062185773
3.4052109718322754 1.9220599670920029
3.4397177696228027 1.994678159002329
3.4743008613586426 2.1321538474766886
3.506688356399536 2.258103008497386
3.540555715560913 2.317056063625286
3.577008008956909 2.4225749654065547
3.615694046020508 2.506319167925949
3.657261371612549 2.5542020680571422
3.701153516769409 2.684245790080292
3.746011257171631 2.810095334277606
3.7901620864868164 2.963573679487834
3.835073232650757 3.2177830138045302
3.8832082748413086 3.3464450917175563
3.9301228523254395 3.517485869764843
3.9761734008789062 3.628010395075115
4.017505645751953 3.7456889239661737
4.057082653045654 3.8827361259202178
4.096451759338379 4.086843494096747
4.137087821960449 4.3978575480449535
4.179494380950928 4.567212886117967
4.225693225860596 4.732664287524447
4.27365779876709 4.941061102792792
4.323614597320557 5.304255408259517
4.382622718811035 5.764350219015239
4.441271781921387 6.237382451708451
4.494218826293945 6.682355969434244
4.5428853034973145 7.027615025811794
4.5869927406311035 7.314414719161201
4.628644943237305 7.553602401675064
4.667957305908203 7.816528721247125
4.707760810852051 8.01219655817167
4.745262145996094 8.20232013759691
4.782454967498779 8.414298375272123
4.818632125854492 8.604446244514355
4.853749752044678 8.848895636541467
4.891093730926514 9.049872153403113
4.930448532104492 9.335774277098912
4.973384857177734 9.658050707139845
5.02125883102417 10.044031693050444
5.078534126281738 10.571028213282549
5.132981777191162 10.946736013071128
5.198630332946777 11.430220521115734
5.270568370819092 11.944056293130874
5.3500847816467285 12.390807082302862
5.433340549468994 12.9586379935667
5.5086140632629395 13.295851504407484
5.586583137512207 13.645611837596835
5.662959575653076 14.076325676916143
5.734584808349609 14.259612680080684
5.811123371124268 14.517495408913792
5.888523101806641 14.804591969766959
5.957192420959473 15.05134988012792
6.024913311004639 15.256326235455958
6.094264984130859 15.58954193957104
6.160637378692627 15.70764757489631
6.224510192871094 16.068967115653354
6.276755332946777 16.316281116212725
6.328090190887451 16.432496946699217
6.37516450881958 16.454761072517606
6.425264835357666 16.555003078860803
6.476591110229492 16.603255782999522
6.532968997955322 16.744220351192393
6.58877420425415 16.873927034969945
6.6463398933410645 17.070150413637382
6.70121955871582 17.377267113360464
6.749007225036621 17.491294430554174
6.799107551574707 17.62399472633383
6.844569683074951 17.76027547022112
6.893893241882324 17.92572303977669
6.941950798034668 17.948176540649538
6.988475799560547 18.05482734981153
7.040655612945557 18.082588589374755
7.090789794921875 18.103625919943564
7.139297962188721 18.254579769644437
7.186375141143799 18.24472633798941
7.243869304656982 18.21671923785796
7.305037975311279 18.28543801453497
7.364324569702148 18.403906321532965
7.418813228607178 18.45920621009803
7.473666667938232 18.436408106970994
7.524886608123779 18.540569910647584
7.575962543487549 18.525449302601917
7.628744602203369 18.520904495221576
7.678736209869385 18.64094782552308
7.727476119995117 18.577398323724598
7.774097442626953 18.753232495124404
7.821819305419922 18.74562962505222
7.870420455932617 18.71832134808135
7.9189133644104 18.691036655616298
7.971912860870361 18.679035219072407
8.024249076843262 18.646544873480988
8.073278427124023 18.712946186726832
8.121155738830566 18.656105624590996
8.172565460205078 18.71074963374607
8.224937438964844 18.67327316236561
8.273759841918945 18.745754948878158
8.317880630493164 18.778742963729563
8.363308906555176 18.815337250005918
8.410329818725586 18.72592820691394
8.460586547851562 18.714189840724885
8.510140419006348 18.785095191352276
8.555317878723145 18.81061392358557
8.599624633789062 18.882188705170304
8.640523910522461 18.815598385766126
8.682149887084961 18.907613105717843
8.727862358093262 18.813789230860362
8.76852798461914 18.794413091558752
8.813627243041992 18.800174540777412
8.860688209533691 18.776694087431906
8.910895347595215 18.70395991063522
8.967781066894531 18.714907492798954
9.022298812866211 18.707565611694935
9.076009750366211 18.70384534564077
9.131231307983398 18.70021192876993
9.18427848815918 18.729050741911255
9.234763145446777 18.73113708883913
9.284785270690918 18.73642685287019
9.331827163696289 18.787675369064456
9.379857063293457 18.74213988255532
9.427892684936523 18.645476181033164
9.47790241241455 18.691959818216027
9.529228210449219 18.545256469368322
9.585624694824219 18.562297491743312
9.645642280578613 18.438209040692843
9.706331253051758 18.39039679638956
9.770130157470703 18.36604331067945
9.825100898742676 18.300094340715628
9.879907608032227 18.380541432197898
9.933002471923828 18.20853033055486
9.983574867248535 18.2522715866431
10.032659530639648 18.171539169707774
10.090096473693848 18.020779910970617
10.15377140045166 17.846731986835774
10.215761184692383 17.703361169419026
10.282098770141602 17.502664741903942
10.348024368286133 17.35141033246112
10.414958000183105 17.158048716622666
