1.0621305704116821 9.954637689071234
1.2461203336715698 9.012945486155923
1.3907188177108765 8.413353723362592
1.5068660974502563 7.990701568996821
1.60261070728302 7.709393826057328
1.6704546213150024 7.481336319407048
1.7207720279693604 7.283924959057042
1.7600041627883911 7.156841410361583
1.7985808849334717 6.907694927616496
1.8391393423080444 6.688772282075065
1.880248785018921 6.458918636608646
1.9214506149291992 6.313992637393529
1.9630955457687378 6.166908429811175
2.002032995223999 6.122066792556797
2.037339210510254 6.055611043676168
2.070836305618286 5.94960777558993
2.1019599437713623 5.762375336329256
2.1353745460510254 5.701910277818407
2.170145273208618 5.5069953253644295
2.202181100845337 5.45777015651634
2.2332632541656494 5.307382697922917
2.2649776935577393 5.186274544696787
2.2973923683166504 4.961671926767365
2.3331847190856934 4.750206573078783
2.3704166412353516 4.6882461836183795
2.406085252761841 4.4605793703101115
2.4430489540100098 4.396404100937655
2.480577230453491 4.182753863319155
2.523732900619507 4.010297008130372
2.5666050910949707 3.8812544103075775
2.6131463050842285 3.723574765880496
2.6583666801452637 3.587137366892098
2.698690414428711 3.4779239126866903
2.7353861331939697 3.4439371163812704
2.773800849914551 3.3142983938803607
2.811382293701172 3.1640843192967103
2.8493831157684326 3.045064704478919
2.8837080001831055 2.9072959329404098
2.9154038429260254 2.7196586231897246
2.951314687728882 2.5360550696654793
2.9930882453918457 2.5019901768963164
3.0406289100646973 2.4849832199318422
3.086874485015869 2.4174226607768894
3.1302120685577393 2.415032417939453
3.1720752716064453 2.2579300022949704
3.216526746749878 2.045835156786657
3.2602944374084473 1.799396779611279
3.300676107406616 1.6876532469922285
3.33567214012146 1.643007045792724
3.3657586574554443 1.6773077364147755
3.39384126663208 1.745246271878143
3.419630765914917 1.8448852030755898
3.445269823074341 1.8026626169154458
3.473121404647827 1.7570379216123688
3.502946376800537 1.762347848142896
3.5368387699127197 1.7971482899431805
3.572618007659912 1.8451731708108734
3.6068472862243652 1.9320865437784918
3.640242576599121 2.0335345721272504
3.671186685562134 2.0819054953321317
3.703296661376953 2.2080854187355143
3.7351624965667725 2.3327964117871374
3.7678513526916504 2.379017652174643
3.7964847087860107 2.4904446032329313
3.825093984603882 2.682536884906955
3.850677728652954 2.783564578851525
3.87392258644104 2.919740276964718
3.9001858234405518 2.9069045458622833
3.930715560913086 3.0660218666817216
3.963083505630493 3.1853877194031135
3.99702525138855 3.417152101603171
4.031413555145264 3.604937983826331
4.065374374389648 3.827763837954363
4.098427772521973 3.9583954216161032
4.131906032562256 4.145879208345504
4.165225982666016 4.3319465045138195
4.200695991516113 4.506431765361961
4.2370734214782715 4.771739288227185
4.270936489105225 5.007436954246511
4.304020404815674 5.356849469550019
4.337570667266846 5.545837959812876
4.374441146850586 5.765221488008932
4.413122177124023 6.100563664196931
4.4509406089782715 6.425512202779681
4.4885172843933105 6.645079083107651
4.52536153793335 6.876959532774845
4.563023567199707 7.143907822610463
4.6006083488464355 7.465082374122901
4.64030647277832 7.713935252192736
4.678858757019043 8.039676990448678
4.719144821166992 8.423769430026853
4.762121200561523 8.717899275087158
4.80768346786499 9.01531239239205
4.856460094451904 9.252568129650419
4.902133464813232 9.566489822314983
4.952147006988525 9.931713920715111
4.994260311126709 10.285928923978796
5.03630256652832 10.722021270331464
5.083461284637451 11.0977368725964
5.141546249389648 11.511188504499632
5.2102460861206055 12.102002729756014
5.274688243865967 12.693213319000023
5.346680164337158 12.998133609014229
5.419423580169678 13.46595366241606
5.497817039489746 13.882897517253731
5.571545600891113 14.395902796568594
5.63206672668457 14.680505619884332
5.696158409118652 15.020189611246119
5.759454250335693 15.363901782387911
5.829339981079102 15.6723139077465
5.898978233337402 16.043854923032427
5.964810848236084 16.443231307613
6.019819259643555 16.79919843680749
6.076531887054443 17.105759958003585
6.137722015380859 17.360393551316385
6.203017711639404 17.583491030802175
6.271719455718994 17.993947066438526
6.337969779968262 18.175642476844253
6.400578498840332 18.462282195801393
6.455189228057861 18.711409810886114
6.512914657592773 18.882341050753652
6.5816192626953125 19.2448224487262
6.659268856048584 19.58544374837413
6.7369866371154785 19.91082050395848
6.80369234085083 20.255715588000914
6.8732171058654785 20.688476659453258
6.944931983947754 20.762931057038852
7.023157119750977 21.10762378393896
7.117223739624023 21.323029506937267
7.218486785888672 21.425313423146555
7.316386699676514 21.648114880205252
7.401827335357666 21.820480274549137
7.475785732269287 21.91899120895531
7.54426383972168 22.07658856757994
7.600057601928711 22.209625013272152
7.653635025024414 22.217844100696944
7.7010178565979 22.2617760940478
7.747879505157471 22.42207203761854
7.792196750640869 22.239442847515647
7.844783782958984 22.258721923047638
7.901251792907715 22.19752410066939
7.957813739776611 22.253785757328405
8.00810432434082 22.3036914123358
8.05636978149414 22.299177927140793
8.102322578430176 22.32937650607465
8.146300315856934 22.428592309136604
8.183497428894043 22.379455249318042
8.222057342529297 22.380065192737426
8.262877464294434 22.258086842363774
8.306774139404297 22.163271314424122
8.363530158996582 22.10883935391452
8.4262056350708 21.962908635401405
8.485930442810059 21.99041057712857
8.548819541931152 21.884949386596134
8.602925300598145 22.062165131331913
8.650016784667969 22.071003013061947
8.693098068237305 22.107338046174867
8.732070922851562 22.029169371350605
8.775101661682129 22.003834123142667
8.820815086364746 22.005131922650648
8.866340637207031 21.93405322715158
8.911317825317383 21.909750703871833
8.960221290588379 21.894915878438503
9.005443572998047 21.90436808845928
9.052724838256836 21.75139882896688
9.106184005737305 21.704514658940635
9.158391952514648 21.624436159067788
9.212892532348633 21.588054503806134
9.263318061828613 21.664489080469448
9.311156272888184 21.66514207025039
9.353616714477539 21.668274919139126
9.395953178405762 21.633826269139675
9.440119743347168 21.574735289855443
9.488895416259766 21.51914442174291
9.545548439025879 21.349796297261662
9.613271713256836 21.29885455359443
9.677810668945312 21.272797201726792
9.73948860168457 21.267606481580952
9.799500465393066 21.215479165316346
9.857471466064453 21.18696934811739
9.91076946258545 21.177740465554976
9.966917037963867 21.07445916647325
10.022696495056152 21.02821482002638
10.083003997802734 20.997721794532303
10.14205265045166 20.917494786186808
10.210941314697266 20.680124169718464
10.285438537597656 20.428073354386907
10.359526634216309 20.409128589423272
