1.742119312286377 11.911375121115698
1.8255399465560913 11.003709460217172
1.8862838745117188 10.479551761744272
1.928666353225708 10.206184129301045
1.9673435688018799 9.855817287064808
1.9965558052062988 9.730828087836123
2.0244011878967285 9.484915695418781
2.054520606994629 9.342672566389094
2.0880038738250732 9.239355472525714
2.1218128204345703 9.225716845133467
2.1615068912506104 9.25789275828467
2.204550266265869 9.171954672393328
2.246081590652466 8.95204080460296
2.288161039352417 8.594046109919551
2.3361196517944336 8.250597166282404
2.388493299484253 8.036888378967847
2.4410746097564697 7.9162290843538665
2.492737293243408 7.817308788128098
2.5436716079711914 7.973327926626897
2.5932369232177734 7.829207462542268
2.6346349716186523 7.4108858030175755
2.671327829360962 6.986818618509146
2.703784704208374 6.56899969442313
2.7381577491760254 6.327647176303094
2.775524616241455 6.257507779945014
2.8144288063049316 6.243031294006292
2.856675624847412 6.197203688344209
2.896348714828491 6.0080977272165486
2.941544532775879 5.825018040913111
2.985368251800537 5.693678989993696
3.027005434036255 5.589396912798511
3.0715651512145996 5.490922963339235
3.12317156791687 5.158182889719782
3.167015314102173 4.837529683828931
3.2093093395233154 4.634815122193253
3.245380163192749 4.660270298160795
3.272028923034668 4.714336981053026
3.299004554748535 4.584980364045767
3.331218957901001 4.518635007761007
3.3621294498443604 4.485136282654276
3.392500400543213 4.316314497237656
3.426401138305664 4.169579410742273
3.467730760574341 3.958363704205052
3.5128729343414307 3.8910272569508626
3.566620111465454 3.7307057523976184
3.6271305084228516 3.5476774576298173
3.685025453567505 3.3271882899163794
3.736205577850342 3.0585159002079516
3.7806272506713867 2.9453660135041653
3.820685386657715 2.96430070381499
3.8582217693328857 3.038153103796888
3.891812324523926 3.1021723744675427
3.9202115535736084 3.064666429409325
3.9483048915863037 2.8909037214770503
3.980368137359619 2.679827308451795
4.017517566680908 2.381461190145689
4.062911510467529 2.0851283096644027
4.110539436340332 1.9574669604335455
4.156646251678467 1.9676203420401486
4.199933052062988 2.008121222295019
4.245257377624512 2.0322251344225646
4.288660049438477 2.0209585821331713
4.330005168914795 1.965130666434991
4.3736772537231445 1.9261491382019766
4.412726879119873 1.949097798707553
4.446991920471191 1.8912183391520525
4.482409954071045 1.8513161394478308
4.5139479637146 1.8693419247329228
4.5405731201171875 1.8541073246675286
4.56809663772583 1.808066268383674
4.600372791290283 1.7670612296556485
4.635404109954834 1.827914320229885
4.668038368225098 1.9515932415130528
4.698432922363281 2.1004360274523983
4.725237846374512 2.1948453272725668
4.757005214691162 2.175206649870967
4.793307304382324 2.224445412802429
4.827494144439697 2.3359122079667776
4.856545448303223 2.460601872037118
4.885443687438965 2.481409130425797
4.915215492248535 2.526315780877961
4.946043491363525 2.5717385668996147
4.979070663452148 2.6835597157335824
5.012745380401611 2.814725507418664
5.043588638305664 2.992636189939179
5.073017120361328 3.1084818820791456
5.103926658630371 3.263023127132809
5.140588283538818 3.351864637564914
5.178647518157959 3.673715328961007
5.212362766265869 3.9274105000307267
5.243066787719727 4.192024743521319
5.268331050872803 4.475249551965811
5.292939186096191 4.598193318120297
5.320285320281982 4.738088432448438
5.352229595184326 4.952972291105347
5.3919525146484375 5.195633532837093
5.4396653175354 5.481346278925474
5.489964962005615 5.9072296504278
5.53341817855835 6.431714772641593
5.568881988525391 6.8474687434788075
5.607971668243408 7.165827735212878
5.649861812591553 7.484158429903356
5.692766189575195 7.769223023477435
5.741640567779541 8.203795015664923
5.798330783843994 8.436296898925374
5.8527750968933105 8.79595367409331
5.894474983215332 8.820003426692274
5.937537670135498 8.860733719251536
5.983899116516113 8.882009130982187
6.033937931060791 9.200457633133068
6.092876434326172 9.876219841602198
6.168997764587402 10.683025679575595
6.239438533782959 11.501820206528576
6.300992488861084 11.831741813595999
6.3600006103515625 12.249785097691301
6.412978649139404 12.586680220355987
6.476757526397705 12.641682672733422
6.5376129150390625 12.936292644824041
6.59494686126709 13.113189198077613
6.651378154754639 13.296586982281791
6.714364051818848 13.478700698695219
6.78085470199585 13.651916358192956
6.850459575653076 13.866490419422181
6.909230709075928 14.028104009447992
6.965638160705566 14.33366977172213
7.024551868438721 14.638274330713667
7.080365180969238 15.003833020200913
7.1467695236206055 15.11708651907463
7.218611717224121 15.204862290325279
7.290676116943359 15.486166948215867
7.354424953460693 15.704015589443083
7.408933639526367 15.811030441628088
7.457843780517578 15.95208937129688
7.504779815673828 16.066819017490253
7.553465366363525 16.08734745271424
7.599125385284424 16.183111900284814
7.644129276275635 16.298015275279134
7.68620491027832 16.374986698875485
7.727466106414795 16.46323019557445
7.773125648498535 16.57087631715526
7.818219184875488 16.639087875829023
7.858537673950195 16.75304114950687
7.89935827255249 16.724250192735294
7.9429545402526855 16.707086098552526
7.9931206703186035 16.743616623053303
8.044089317321777 16.86301157512361
8.09138011932373 16.903563811489608
8.140069961547852 16.99187668477101
8.181121826171875 17.111701854655873
8.21782112121582 17.20963941700749
8.255122184753418 17.25828337000023
8.298734664916992 17.06730702824305
8.357803344726562 17.01274387273538
8.425655364990234 17.041743457863216
8.489006996154785 17.21603667646276
8.548080444335938 17.237482982899948
8.599735260009766 17.322138998786624
8.64549732208252 17.412194283634705
8.696243286132812 17.429320068409382
8.744050979614258 17.52606656040715
8.788543701171875 17.56972558704532
8.833413124084473 17.57135204133446
8.882951736450195 17.497037915217586
8.94405746459961 17.442461434637174
9.003016471862793 17.517313863451733
9.056031227111816 17.518859093286945
9.102496147155762 17.597880544366397
9.155353546142578 17.598632269770878
9.205254554748535 17.619590276400444
9.247465133666992 17.692216018426684
9.285449028015137 17.676309762067167
9.325727462768555 17.725395082999054
9.378294944763184 17.473667539968233
9.439275741577148 17.446746341777484
9.499776840209961 17.473487872114763
9.559816360473633 17.425431454917575
9.618179321289062 17.430308209472262
9.674460411071777 17.458434120585242
9.719998359680176 17.500775944970645
9.760361671447754 17.55875440409372
9.805042266845703 17.473808746884245
9.850664138793945 17.401115570809058
9.902029037475586 17.302255861042774
9.961371421813965 17.151945218655115
10.02329158782959 17.109877860296912
10.081096649169922 17.073255925898913
10.135152816772461 17.089023777855196
10.18765926361084 17.09341038338767
