0.9032678008079529 10.635980455024347
1.1350291967391968 9.921386915570224
1.2782588005065918 9.444872961335745
1.4076793193817139 8.990850747228755
1.5241293907165527 8.639137930110707
1.6166030168533325 8.45897504297063
1.6927796602249146 8.20729686750133
1.761074185371399 8.10063237100717
1.8223426342010498 7.843039345126458
1.8797225952148438 7.61805641780984
1.932540774345398 7.421846025239155
1.9821221828460693 7.174432061541881
2.0276033878326416 6.917061517901438
2.069324254989624 6.684098402408795
2.111591100692749 6.5278791342647455
2.156374454498291 6.295183825661282
2.2028627395629883 6.081576802763242
2.25083065032959 5.984598854697344
2.2988994121551514 5.879015501360736
2.3475730419158936 5.700439474284631
2.39607834815979 5.520601799496673
2.4452974796295166 5.369637441892521
2.489691972732544 5.207197969559022
2.5348052978515625 5.060246126985976
2.5770626068115234 4.928136550063815
2.61619234085083 4.803624882653138
2.653442621231079 4.719724828881523
2.689465045928955 4.618565116163446
2.7249860763549805 4.505333519412277
2.7599916458129883 4.343791589619685
2.7974092960357666 4.203656534663264
2.8350045680999756 4.072089580390533
2.875044107437134 3.9134310452281316
2.9166624546051025 3.8277886805366275
2.958693742752075 3.648095604159479
3.002991199493408 3.460293864777785
3.0445101261138916 3.339846698973568
3.0864901542663574 3.127821259353781
3.1293094158172607 2.9861306726523904
3.1714468002319336 2.830681767973096
3.2125203609466553 2.774757934675086
3.252983331680298 2.5886049718570066
3.2899911403656006 2.545660796540477
3.324979066848755 2.4286010838066443
3.3594653606414795 2.3587166649917526
3.392176628112793 2.280406609994877
3.4219398498535156 2.2530079972678028
3.451323986053467 2.180832930782474
3.480459690093994 2.143147079978187
3.508993148803711 2.0792729295285346
3.5378382205963135 2.1099947458930726
3.566089153289795 2.06081941549628
3.5947425365448 2.0596186542113557
3.6244235038757324 2.08284715853808
3.657803535461426 2.0216675178963057
3.695901393890381 1.9769271915359148
3.7359461784362793 1.9629522053317134
3.7756588459014893 2.051370410792286
3.815814733505249 1.977195839857858
3.8556454181671143 1.9912681238688095
3.89406418800354 2.0212400938449897
3.933201313018799 2.0012440354880043
3.969464063644409 2.000570151358714
4.0052714347839355 2.0560208319826794
4.0445780754089355 2.046542736261973
4.083432197570801 2.055996995845119
4.121654987335205 2.1135076255728222
4.1622796058654785 2.06460563004947
4.202420234680176 2.135698640266704
4.243086814880371 2.2604370158953833
4.281088829040527 2.327422029380831
4.317336559295654 2.4957513280015133
4.350980758666992 2.546762197314739
4.385486125946045 2.6425741762153
4.41999626159668 2.6908833319746592
4.454802989959717 2.7823836789303162
4.492037296295166 2.810963288980112
4.532264709472656 2.937905101279623
4.5742011070251465 3.146614613525658
4.613924503326416 3.3303240787882187
4.6523518562316895 3.506980509236452
4.688884258270264 3.613836770851537
4.723066806793213 3.7838029008181464
4.756869792938232 3.8942620256002907
4.79295539855957 4.027583072087536
4.830615520477295 4.22924755406081
4.871034145355225 4.443240463408231
4.915757656097412 4.640442456339543
4.966638565063477 4.905483483153309
5.023916721343994 5.175421453424018
5.0824713706970215 5.40977714991286
5.148811340332031 5.67018638637962
5.212911605834961 5.933134157948583
5.277681827545166 6.174691165970525
5.3395867347717285 6.434296829409559
5.403393268585205 6.741194855441772
5.468338966369629 7.119394969339811
5.5271196365356445 7.399614586461182
5.586514472961426 7.553901959215519
5.647035598754883 7.787873605254856
5.701742172241211 7.956936871556029
5.753503799438477 8.076283224988801
5.8054118156433105 8.248283118330104
5.854559421539307 8.472050490713766
5.9017534255981445 8.606186755821145
5.948990345001221 8.69444833432629
5.992293834686279 8.808013320479617
6.033422946929932 9.012652042556615
6.075743675231934 9.010428078197297
6.116908550262451 9.151163489770653
6.159885406494141 9.278725532527528
6.205188274383545 9.368672380459394
6.251337051391602 9.47007305062137
6.302119731903076 9.578826569483997
6.357306480407715 9.607880823957728
6.414663791656494 9.74128809686135
6.471968173980713 9.823766616660102
6.535958766937256 9.90934784418834
6.606109142303467 10.04174218106965
6.673206806182861 10.199873564939734
6.7358903884887695 10.315725931963668
6.795573711395264 10.466980216974164
6.851741790771484 10.643361514206955
6.905123710632324 10.690432087574997
6.959866523742676 10.710215370574778
7.014927387237549 10.824439471393589
7.06910514831543 10.986904286558609
7.119281768798828 11.055183322946275
7.167829513549805 11.124581853531593
7.21517276763916 11.216881222460602
7.25920295715332 11.230476551809119
7.307450294494629 11.25352200354338
7.359901428222656 11.262610689431357
7.415256977081299 11.251493579232871
7.469418048858643 11.376391283204095
7.519564628601074 11.486630378970462
7.5692925453186035 11.499763571102024
7.617639541625977 11.491643225618347
7.6659770011901855 11.625601960798344
7.708127975463867 11.678845538525657
7.749281406402588 11.739690997487596
7.788381576538086 11.730877356100097
7.827902317047119 11.679258142095874
7.872753143310547 11.688693127689433
7.921998023986816 11.648006203918364
7.9722113609313965 11.640252251157191
8.024983406066895 11.606423769965541
8.083580017089844 11.532539551807249
8.149030685424805 11.551300481259439
8.212528228759766 11.562377246516846
8.274287223815918 11.621999645893888
8.328289985656738 11.69445355848413
8.379862785339355 11.72277550375738
8.42832088470459 11.722197206615505
8.477665901184082 11.765793713097224
8.518953323364258 11.879230494506979
8.559901237487793 11.793242719476087
8.600403785705566 11.78837699382975
8.639019012451172 11.768135884911144
8.68240737915039 11.679445687646641
8.726916313171387 11.638878624252147
8.775482177734375 11.606918528969892
8.823631286621094 11.63982663101663
8.868451118469238 11.594231905514155
8.912328720092773 11.58301065164027
8.956066131591797 11.647946837226726
8.996776580810547 11.577238961215784
9.038878440856934 11.5659976276028
9.083318710327148 11.482881171070444
9.131068229675293 11.53098453801179
9.18088150024414 11.455588329041314
9.229844093322754 11.464956026295127
9.276617050170898 11.461975747940123
9.324539184570312 11.380879160917164
9.3737211227417 11.38102940896082
9.425737380981445 11.353373043400142
9.472224235534668 11.50911573589986
9.515937805175781 11.462948686439004
9.566786766052246 11.330322131562708
9.616047859191895 11.375744231507324
9.666483879089355 11.348881511531143
9.716382026672363 11.240200128100824
9.773238182067871 11.186348214473345
9.829631805419922 11.165078270798517
9.892635345458984 11.082737087066281
9.95610237121582 11.040607990356827
10.022854804992676 10.920049068982896
10.084983825683594 10.996804416834198
