0.7260518074035645 6.3231751884299285
0.841260552406311 6.269376825573718
0.9327487945556641 6.1630721514166495
1.0174164772033691 6.286697710350587
1.1060278415679932 6.075111529708735
1.1827466487884521 6.054337386788993
1.2604295015335083 6.08569383459689
1.3293440341949463 6.093834938288054
1.398346185684204 5.9921465177136115
1.4608516693115234 5.89770426185756
1.5211386680603027 5.834033238202543
1.5761276483535767 5.767346523755561
1.6324747800827026 5.56891250235307
1.695861577987671 5.450038995058361
1.7604714632034302 5.299579323536519
1.8290812969207764 5.070362035000838
1.897834300994873 4.919868661705284
1.9617388248443604 4.701383615699476
2.0246376991271973 4.513214697754465
2.0835020542144775 4.283824500605872
2.139151096343994 4.1454383285695515
2.188509464263916 4.1060238579744945
2.2321128845214844 4.012547486765527
2.2748937606811523 3.889628868755866
2.3177101612091064 3.7290174792296815
2.365579128265381 3.572360063794437
2.415347099304199 3.4202594881512027
2.4600653648376465 3.3212711013733474
2.5005176067352295 3.2232092753188937
2.5380191802978516 3.1518320837008083
2.5758249759674072 2.978651939851102
2.6158864498138428 2.8767440879213635
2.655686378479004 2.820470591266597
2.694925308227539 2.6903805983775553
2.7369043827056885 2.644009738311904
2.7800629138946533 2.533757494877583
2.8236472606658936 2.4467390892476177
2.8665597438812256 2.336822631605696
2.9088070392608643 2.3148716329226655
2.9489901065826416 2.2647229438163827
2.988206624984741 2.1666564266202086
3.0284805297851562 2.0548813778518698
3.069183111190796 1.9983509082901991
3.108811378479004 1.9475891824831963
3.147010087966919 1.8777983729058674
3.18326997756958 1.828467498935764
3.21799635887146 1.76082040061284
3.253091812133789 1.7293102235524112
3.2872214317321777 1.762963169665331
3.321746349334717 1.7098075602223906
3.3568060398101807 1.6976164599683252
3.3913779258728027 1.7100311363072425
3.424934148788452 1.7628684744443437
3.4588208198547363 1.8234675882941083
3.493617296218872 1.923547822387119
3.52797532081604 2.033345248440387
3.5631041526794434 2.1903066351480103
3.599705219268799 2.355961647150172
3.6363253593444824 2.448772079692192
3.67413592338562 2.595059153082448
3.711460590362549 2.7736982293109835
3.7492496967315674 2.979958312302095
3.787924289703369 3.063553040516893
3.83091402053833 3.274275788370131
3.8770556449890137 3.4556493321962907
3.920414447784424 3.7691418064882165
3.9671857357025146 3.9493588754168907
4.013700008392334 4.206398991731819
4.056708812713623 4.475783685666343
4.096733093261719 4.690420382430711
4.136023998260498 4.8760823863281075
4.17476224899292 5.03040128572628
4.212209224700928 5.165433763551903
4.250448226928711 5.317175769134704
4.289639472961426 5.490434210303328
4.3289079666137695 5.702310638496448
4.372982978820801 5.891734656651607
4.41909122467041 6.117056473332477
4.466002464294434 6.381843173671999
4.511949062347412 6.648600506799741
4.554475784301758 6.991048233125754
4.592984676361084 7.289583600364817
4.632404327392578 7.641977117711996
4.675777435302734 7.969515889142457
4.721414089202881 8.237746126411313
4.772188186645508 8.593306434309097
4.827332973480225 8.886910465311196
4.877422332763672 9.23056336669519
4.930990219116211 9.6619042641447
4.9847588539123535 10.11565342610387
5.041325569152832 10.423461036463102
5.095276832580566 10.832495102154619
5.147781848907471 11.091678295101962
5.203795433044434 11.485327068698684
5.259968280792236 11.724618119411847
5.318219184875488 12.062929638900979
5.378264904022217 12.372168928329394
5.448184013366699 12.726589084203674
5.517310619354248 13.028566082628931
5.583688259124756 13.357414643916735
5.647345542907715 13.611954857522186
5.707582950592041 13.78243477895387
5.775088310241699 13.989729372866282
5.840978145599365 14.295568396709843
5.91062068939209 14.50054480516127
5.98626708984375 14.77491442566249
6.058412551879883 15.001096547419845
6.126209259033203 15.256868435703716
6.1877827644348145 15.44208919465375
6.249338150024414 15.606153123046857
6.305225372314453 15.651797946368022
6.368621826171875 15.675633429109046
6.428187370300293 15.741926919940727
6.487704277038574 15.807082904237669
6.546637058258057 15.781908489338733
6.599028587341309 15.998956881681666
6.647518157958984 16.083910391902872
6.697655200958252 16.217318373118598
6.7471537590026855 16.291839606242753
6.802266597747803 16.41916456467018
6.856149196624756 16.44809874440099
6.913904666900635 16.46389328395283
6.972670555114746 16.55388241102805
7.033685684204102 16.59198976426659
7.09013557434082 16.593823060182196
7.140095233917236 16.725821719756727
7.1855902671813965 16.731128680050382
7.232487678527832 16.690804485137143
7.280118465423584 16.66265175769295
7.330744743347168 16.64806371590734
7.3858537673950195 16.628827993281295
7.438347816467285 16.651856232961784
7.487980365753174 16.646744661729795
7.53330135345459 16.68195941784155
7.578476428985596 16.61084421920389
7.627176761627197 16.609264592822814
7.67836332321167 16.5750913926244
7.728360652923584 16.56343018459994
7.782003402709961 16.430554471533288
7.837401866912842 16.433647165400465
7.8881635665893555 16.414760005595454
7.940727233886719 16.437403589371648
7.992220401763916 16.406344927876756
8.043913841247559 16.410383147256614
8.09068489074707 16.425499393853993
8.133600234985352 16.42695295417755
8.173755645751953 16.512752039475167
8.212740898132324 16.536719840801304
8.249551773071289 16.469344480627786
8.287364959716797 16.4134397856096
8.329923629760742 16.299343051012276
8.376626014709473 16.30411545612996
8.42796516418457 16.196356791051564
8.47935962677002 16.214862439288098
8.531896591186523 16.203244784123182
8.585526466369629 16.22367523652326
8.639603614807129 16.182696512011024
8.690618515014648 16.25425168897836
8.741290092468262 16.17621931883876
8.791207313537598 16.248835902353505
8.836849212646484 16.344409483091756
8.879924774169922 16.356416335686124
8.926063537597656 16.333711235719427
8.972027778625488 16.35967481786334
9.014986038208008 16.410729309487955
9.059576988220215 16.41561358131391
9.105921745300293 16.339117197257117
9.15716552734375 16.39069097209673
9.209673881530762 16.276976898750902
9.266619682312012 16.32774710990289
9.325925827026367 16.27708033280189
9.389359474182129 16.3935873179344
9.444967269897461 16.473131874542982
9.495388984680176 16.473089017702865
9.542745590209961 16.463090274388296
9.589170455932617 16.510603855558696
9.638039588928223 16.415120620210125
9.694598197937012 16.331155683078478
9.753449440002441 16.3663950377589
9.808043479919434 16.276640507366892
9.871222496032715 16.182625356974714
9.940838813781738 16.096763207284308
10.016188621520996 15.889768654624012
10.086458206176758 15.960374542371419
10.150757789611816 15.85508385998974
10.214568138122559 15.814409896055347
10.276588439941406 15.711274299920573
10.338634490966797 15.675053547283259
