0.8081876635551453 8.969398008724095
1.0112828016281128 8.873822237567833
1.1393202543258667 8.4811510829855
1.2808436155319214 8.087563188840578
1.3942246437072754 7.708943113760026
1.484465479850769 7.500021472440996
1.571973204612732 7.054043197727691
1.6467593908309937 6.94929681631801
1.7063405513763428 6.759192613328734
1.764159083366394 6.553446055034389
1.8186349868774414 6.360089397309813
1.8777244091033936 6.035681221601473
1.931357502937317 5.777652990321577
1.9827156066894531 5.4901927265707196
2.0363709926605225 5.219801560881203
2.0905442237854004 4.95299956510409
2.14361310005188 4.765926865600761
2.1870458126068115 4.635432888507996
2.22629714012146 4.476397032586739
2.266202688217163 4.357107346281735
2.3059093952178955 4.151074743693256
2.3472394943237305 3.9229531896289
2.392446279525757 3.704675866273423
2.4310624599456787 3.541683963688079
2.4660396575927734 3.4806314173315744
2.4978551864624023 3.349514955143709
2.528576612472534 3.2577547829263445
2.5588982105255127 3.0355682094565766
2.5923469066619873 2.776225753106143
2.6318957805633545 2.593800411703051
2.671769142150879 2.431874789002153
2.7133677005767822 2.27906416307646
2.7504026889801025 2.178495734283568
2.7825233936309814 2.1972302353331457
2.8110008239746094 2.189584712612701
2.836557388305664 2.210238794207308
2.860563278198242 2.1044337288002684
2.886162281036377 2.0107570874929324
2.916569471359253 1.8943074707972243
2.9517247676849365 1.8020222450209564
2.9886624813079834 1.7170379011422168
3.022580623626709 1.7517579931139513
3.0559937953948975 1.7442764372930875
3.089977502822876 1.7347080086310778
3.124049425125122 1.7639774174828469
3.1586883068084717 1.7916079103907703
3.1957836151123047 1.8418755758010759
3.2334511280059814 1.8480258781238168
3.2676239013671875 1.9639309205713933
3.3005917072296143 2.0561328758817674
3.3329849243164062 2.1224801187915663
3.3635575771331787 2.2102813209997394
3.3946194648742676 2.2648883232976402
3.427800416946411 2.3236475329121555
3.460446834564209 2.485889331260576
3.490175724029541 2.5502042715735924
3.5208802223205566 2.6509117996968468
3.553723096847534 2.7396596655696293
3.5896689891815186 2.852501813336655
3.628920316696167 2.9331641005409783
3.6700892448425293 3.159071494996971
3.71152663230896 3.357680023890058
3.7505149841308594 3.572930187725699
3.791001796722412 3.7570871723959947
3.8343849182128906 3.938943242747635
3.8761818408966064 4.123824162617785
3.921617269515991 4.295144179478334
3.967890739440918 4.412568766798389
4.014728546142578 4.566733613428481
4.06050968170166 4.759635111584956
4.107728481292725 5.0458303025045455
4.155857563018799 5.40888486264135
4.20596170425415 5.9633466863002615
4.253961563110352 6.326584682741121
4.30060338973999 6.526301075872837
4.34224796295166 6.732612095392516
4.381387233734131 6.872949999459132
4.422772407531738 7.009347933322711
4.472780227661133 7.209089072858203
4.520328998565674 7.509863224834639
4.564258098602295 7.759322606374552
4.606568336486816 7.977614441368619
4.6443305015563965 8.2246237194148
4.683330535888672 8.463258290997135
4.722012042999268 8.629898010282327
4.7631731033325195 8.811917948184634
4.802647113800049 9.069767376498493
4.842652320861816 9.312685286112307
4.880361557006836 9.514279035001278
4.919445991516113 9.653073257227769
4.960002422332764 9.90331820868616
5.002060890197754 10.207710865088355
5.044445514678955 10.561455052487002
5.091439723968506 10.80602673200712
5.1399664878845215 11.252241688428994
5.186548709869385 11.50657096720461
5.243182182312012 11.829987247720164
5.298144817352295 12.182537345557508
5.3515119552612305 12.469959948608444
5.416766166687012 12.675671401336391
5.483023643493652 12.898549447341853
5.55142879486084 13.16637492168332
5.609631538391113 13.42578358724145
5.666604042053223 13.636983350500175
5.715253829956055 13.793776730423145
5.7640557289123535 14.017483349111773
5.810957431793213 14.157940782225895
5.8614277839660645 14.322454875308763
5.907644748687744 14.476344576537413
5.952997207641602 14.641662953589837
6.001453399658203 14.901301708797945
6.046773910522461 15.02238684977538
6.097291469573975 15.223553731745511
6.151525020599365 15.430860632536833
6.205611228942871 15.747179403891664
6.254770755767822 15.90361059212706
6.3082661628723145 16.216126711237973
6.359020233154297 16.430241387363463
6.414585113525391 16.60003645502481
6.479495525360107 16.73003550772833
6.547052383422852 16.985773928754732
6.615987300872803 17.123567546599695
6.687930583953857 17.256943148163394
6.7556657791137695 17.3791834533346
6.815928936004639 17.542959752150388
6.871623516082764 17.697094407875134
6.925406455993652 17.748620011158483
6.976076602935791 17.79176929196991
7.0237298011779785 17.94567072484066
7.075653553009033 17.895165523337173
7.124283790588379 17.948911238766705
7.174142837524414 18.016390735432026
7.22976016998291 18.02761757519228
7.2886881828308105 17.90452011929307
7.3552656173706055 18.018271789072212
7.417468547821045 18.077729359605254
7.474333763122559 18.13679185646773
7.5252814292907715 18.282877980322198
7.576601028442383 18.339887383032533
7.624992847442627 18.304114799696645
7.668221473693848 18.323443308928642
7.715480804443359 18.31528597689305
7.763246536254883 18.33391314087382
7.819695472717285 18.229597005203605
7.875576019287109 18.247943591622366
7.929688930511475 18.275582984702996
7.984315872192383 18.215621734428023
8.04379940032959 18.14658368131178
8.107149124145508 18.117352671920106
8.166169166564941 18.170924842626277
8.22249698638916 18.131102608050977
8.279650688171387 18.142012207712426
8.337812423706055 18.096181933589776
8.395185470581055 18.1253695819999
8.448671340942383 18.097782620204
8.502113342285156 18.076201018384303
8.551684379577637 18.09924085721038
8.59865951538086 18.171787826761854
8.643622398376465 18.120498192970246
8.68591594696045 18.20437356911021
8.722495079040527 18.295078120915825
8.75484561920166 18.282197200692703
8.792235374450684 18.22299231020485
8.83081340789795 18.14545114795219
8.870287895202637 18.118411214723103
8.911270141601562 18.0859275253413
8.95543384552002 18.05787048646602
9.000472068786621 18.023386195427367
9.046734809875488 18.003965929061994
9.090832710266113 18.08247808036307
9.135293006896973 18.055488441793198
9.180588722229004 18.055127000337627
9.226085662841797 18.034587169521238
9.27535343170166 17.985114354757822
9.332173347473145 17.848254193873625
9.390750885009766 17.85945535488647
9.451363563537598 17.81892825011139
9.514056205749512 17.85240781891927
9.567317962646484 17.95859973400084
9.61865520477295 17.89409320375239
9.667155265808105 17.953483236839578
9.711214065551758 17.967873663394613
9.75256633758545 18.057528587021967
9.794576644897461 17.971321033574043
9.83879566192627 17.934658275149467
9.885599136352539 17.818798381346465
9.936843872070312 17.694835090228466
9.996139526367188 17.662592135679404
