0.9724199771881104 11.449939807725709
1.1808855533599854 10.71535722815807
1.3398090600967407 10.098205853138138
1.4551053047180176 9.766337094989165
1.5439271926879883 9.579935829924947
1.6241194009780884 9.374622130882651
1.6891270875930786 9.17261198565253
1.7481863498687744 8.822069979956149
1.81702721118927 8.733920760182208
1.877203106880188 8.490463656033105
1.9319959878921509 8.208616110541808
1.985999584197998 7.851621610099855
2.0290920734405518 7.671081595872384
2.0702431201934814 7.514984839793974
2.110276222229004 7.399812358721107
2.1512391567230225 7.254744507758054
2.1946053504943848 7.040497302665573
2.2353549003601074 6.909484686215094
2.275909662246704 6.722944739516783
2.3203909397125244 6.56719139986512
2.366292715072632 6.406417153644037
2.412276268005371 6.175064449576205
2.4575040340423584 5.947710608665953
2.4988315105438232 5.723914979363119
2.536848306655884 5.590322326247993
2.574866533279419 5.319835386557372
2.615844488143921 5.099142246151037
2.655635356903076 4.900565479456354
2.6947968006134033 4.692538782628789
2.7345669269561768 4.51930346152998
2.7729647159576416 4.3475927153002
2.8105568885803223 4.2172034832048535
2.8482348918914795 4.09600212447788
2.88828182220459 3.887567838687107
2.9271132946014404 3.659140469240915
2.967339038848877 3.5399027736263275
3.008254051208496 3.3521618499635872
3.0505318641662598 3.2897516156463507
3.089017629623413 3.1205155765355683
3.1271181106567383 2.936860056273248
3.1653735637664795 2.774955342789915
3.2038726806640625 2.677530226629435
3.2410717010498047 2.5318551893612384
3.2810349464416504 2.4277537832034777
3.319688320159912 2.317264123188925
3.355374813079834 2.2751124048025217
3.3911352157592773 2.1562555965044514
3.4243931770324707 2.0498844296304766
3.4578144550323486 1.9626139885233103
3.4905595779418945 1.9256070802271226
3.5220117568969727 1.9424530942345657
3.5546388626098633 1.8321358229691957
3.5880558490753174 1.8120543150962827
3.6231775283813477 1.8561500457116233
3.659306049346924 1.864474442903631
3.694894313812256 1.9788199972190836
3.730480432510376 1.9737674732897705
3.7683067321777344 1.932633225075942
3.807311773300171 1.9607928910541392
3.8462586402893066 1.9543513062245712
3.8868792057037354 1.9468159960953086
3.9261839389801025 2.051236812238521
3.9606101512908936 2.0636008994271346
3.995476484298706 2.1161534966033444
4.029699802398682 2.2111802503536224
4.060155868530273 2.2776677107185512
4.090208530426025 2.269759847352048
4.120195388793945 2.383509911284943
4.148130893707275 2.444544241586085
4.1745781898498535 2.539484322449438
4.198566436767578 2.5993949132019933
4.222128391265869 2.6999238292979486
4.24490213394165 2.7539870994374422
4.2682671546936035 2.8124675739835525
4.292827129364014 2.8397186861474166
4.320125102996826 2.9479798882022648
4.347083568572998 3.1089227865851736
4.374022006988525 3.167897963017128
4.402969837188721 3.326643770806873
4.43187952041626 3.459309789904506
4.460914134979248 3.6205240565849732
4.489266395568848 3.7594417185034423
4.519001007080078 3.930889307136701
4.548860549926758 4.076289749056692
4.57954216003418 4.317614426514903
4.610471248626709 4.48825469917019
4.642157077789307 4.713375280492515
4.675724029541016 4.866760918387907
4.710821628570557 5.040452917766983
4.745715618133545 5.309042003945118
4.782016277313232 5.544491941497151
4.822680950164795 5.873272811432878
4.862419605255127 6.160426394155176
4.904881477355957 6.364433516239502
4.946169853210449 6.605968840034791
4.9898152351379395 6.851762428184495
5.033203601837158 7.104647837484828
5.07708215713501 7.3820499035426534
5.122916221618652 7.714254780948288
5.167464733123779 8.124181977642097
5.209680080413818 8.379125787791713
5.256588935852051 8.809689500713976
5.301468372344971 9.12750646870953
5.3465256690979 9.284645987100093
5.397456169128418 9.70961891318493
5.46111536026001 10.131542596072562
5.531374931335449 10.62161310344529
5.610418319702148 10.97937774801697
5.697320938110352 11.409241478843004
5.762216567993164 11.64320468576229
5.8257598876953125 11.889109393817446
5.887642860412598 12.173398481976562
5.9464030265808105 12.329607520008167
6.0002617835998535 12.499626218541373
6.047021389007568 12.76375075630015
6.089352130889893 12.864884051865031
6.134047985076904 12.99568477058879
6.1805572509765625 13.187620919647578
6.225003719329834 13.340136895290438
6.267352104187012 13.468659592825375
6.314145088195801 13.606023002256771
6.357360363006592 13.800389355343315
6.406340599060059 14.037238551652356
6.449975967407227 14.250909069414085
6.495166301727295 14.326909556383097
6.539901256561279 14.49816017273431
6.585220813751221 14.680906169881329
6.6319379806518555 14.771831856204328
6.682494163513184 14.839694220515325
6.737383842468262 14.935693448179842
6.793112754821777 15.086365897692898
6.8451457023620605 15.320733924431414
6.893628120422363 15.405448128311056
6.940751552581787 15.508875175464249
6.993834018707275 15.50160022458017
7.051109790802002 15.606757928735341
7.106090545654297 15.748135489502944
7.161227703094482 15.782366002069658
7.215811252593994 15.960587249718786
7.265247344970703 16.01258462230992
7.3102545738220215 16.0988939988506
7.360517978668213 16.150091346208274
7.406820774078369 16.20750543963749
7.456452369689941 16.226432351601296
7.508899688720703 16.290844528029783
7.561633110046387 16.2904932849271
7.616480827331543 16.305911559576398
7.674276828765869 16.430581166583345
7.724157810211182 16.422191779200972
7.773487091064453 16.472156254651228
7.823518753051758 16.539728328935276
7.873968124389648 16.485570553338118
7.9274420738220215 16.53105065402729
7.9770917892456055 16.670364486709406
8.024343490600586 16.614547405576353
8.073200225830078 16.550669402574187
8.123686790466309 16.54170010114907
8.17760944366455 16.546309347615257
8.2238130569458 16.533704784150277
8.27367877960205 16.50447629628442
8.327606201171875 16.451328484734983
8.380615234375 16.448789565315867
8.433802604675293 16.374826294912786
8.488974571228027 16.422430839900716
8.542285919189453 16.305397768787913
8.596033096313477 16.305104398709734
8.644916534423828 16.41509098169024
8.689613342285156 16.373801426600235
8.7346773147583 16.397632846634654
8.779701232910156 16.29581610608471
8.826522827148438 16.364728332755657
8.87226676940918 16.215480546888898
8.920565605163574 16.28526431540329
8.968892097473145 16.20276321478135
9.021286010742188 16.228056494886133
9.067864418029785 16.289706528407855
9.11315631866455 16.225730646917427
9.161866188049316 16.145119493778417
9.21011734008789 16.153772759876734
9.261173248291016 16.124860900440446
9.314618110656738 16.086094403904518
9.370199203491211 16.0085623381941
9.42739486694336 16.02815267359471
9.488614082336426 16.01029574616512
9.548808097839355 15.994053148439507
9.609796524047852 15.903368093613528
9.676614761352539 15.851625870117314
9.74198055267334 15.803154822390153
