1.3569252490997314 6.302957824033245
1.4584122896194458 5.582741334928877
1.5309020280838013 5.087076880353929
1.5923798084259033 4.722828148906046
1.6480097770690918 4.497166950344832
1.6948450803756714 4.35864808614315
1.7348761558532715 4.251294213923016
1.7803094387054443 3.966508673210243
1.8281071186065674 3.902182947581248
1.8758248090744019 3.7911354694701824
1.9213868379592896 3.8319383544680847
1.964797854423523 3.8048156470326067
2.007561683654785 3.7464223141596107
2.0523900985717773 3.794594346445626
2.0913610458374023 3.7152440803521642
2.1331348419189453 3.62792863101128
2.1719486713409424 3.628401257255452
2.207932233810425 3.5327024305116477
2.2478084564208984 3.3104396964913216
2.2906363010406494 3.1613985275709044
2.335000514984131 2.9552413514689206
2.3804194927215576 2.7195138194897646
2.428861379623413 2.5900047062080254
2.471614360809326 2.478835020733585
2.5103375911712646 2.4729423152957546
2.5452640056610107 2.4148760610248368
2.580299139022827 2.3431120749219287
2.6158366203308105 2.307948742106239
2.6543657779693604 2.222389000156629
2.697435140609741 2.2321645969189925
2.742910385131836 2.2010187808038286
2.7864513397216797 2.1738017347825065
2.8294637203216553 2.108456971085967
2.868058204650879 2.0715649363250193
2.903693914413452 2.002368842986578
2.939420223236084 1.9010739338247207
2.9750325679779053 1.7947991337953766
3.0060315132141113 1.7489661648426622
3.034071445465088 1.7848033178771123
3.059197187423706 1.7245211236150781
3.0838141441345215 1.7523012591505407
3.1101088523864746 1.7817641088426897
3.138012647628784 1.9095874177928471
3.1713204383850098 1.9898304181583333
3.207613468170166 2.0692254322265873
3.248562812805176 2.1157589610823253
3.292586088180542 2.225410035510745
3.3347089290618896 2.31724806788641
3.3750007152557373 2.3770057848489934
3.415361166000366 2.4214142143297126
3.453944206237793 2.4894142085634594
3.4885292053222656 2.5416683208917386
3.520688056945801 2.6620583551823747
3.550300121307373 2.8103698301406674
3.5793097019195557 2.9195794049944226
3.6068379878997803 3.074703646272834
3.634323835372925 3.208920706183894
3.661372661590576 3.2568101946879335
3.6906630992889404 3.3539490345614142
3.721853017807007 3.454331738761296
3.7533278465270996 3.606127940551736
3.7850382328033447 3.731834536023411
3.8204689025878906 3.9508673265898486
3.8601300716400146 4.151900157930516
3.9079980850219727 4.459977980244749
3.958698272705078 4.750557027682516
4.009561061859131 4.95650717568753
4.053226947784424 5.127389205062176
4.095142364501953 5.3384734176822395
4.130663871765137 5.507753784467959
4.163575172424316 5.7354248482246035
4.194859981536865 5.940222922176216
4.226659297943115 6.047954822898898
4.261113166809082 6.260549465802926
4.298642158508301 6.500352866565556
4.336977481842041 6.815157055239281
4.3776021003723145 7.078096251402431
4.422699451446533 7.419526637448118
4.4755940437316895 7.690066436396882
4.530620574951172 8.029967540918179
4.579467296600342 8.441898929183331
4.627309322357178 8.788755626471323
4.682450771331787 9.378063857309977
4.748048782348633 10.122533603073089
4.84899377822876 10.944518967686077
4.947096347808838 11.083684238278977
5.0289435386657715 11.388626731810675
5.092994213104248 11.682148264445367
5.148214340209961 11.91089033922348
5.198431968688965 12.18121474141807
5.247742652893066 12.445411600552715
5.2948222160339355 12.689574671442426
5.339697360992432 12.968832094773216
5.386537075042725 13.198959959347015
5.436640739440918 13.58110115107412
5.4940266609191895 13.881266393514743
5.5616984367370605 14.290275612873511
5.629646301269531 14.843133898511834
5.702857494354248 15.207135155982176
5.778581142425537 15.652614704417555
5.8513503074646 15.968383549673321
5.920029163360596 16.072932111670326
5.980045795440674 16.359149922764907
6.033323764801025 16.494262349221202
6.09799337387085 16.549660346887595
6.151149749755859 16.79143541213275
6.204495429992676 16.736434199402684
6.264490604400635 16.913388118976524
6.33653450012207 17.257957893902088
6.419271945953369 17.53460687726936
6.494746208190918 17.746581791759805
6.571461200714111 17.846708144490453
6.64290189743042 18.021588484522503
6.715036869049072 18.163832629665322
6.788926124572754 18.211081334387345
6.854310512542725 18.267886739562314
6.915464401245117 18.41221018392466
6.966540813446045 18.496128828440497
7.0136518478393555 18.520462151306806
7.063617706298828 18.61413199667419
7.109354496002197 18.665639040497148
7.153697490692139 18.668251104831505
7.206779956817627 18.669100735851355
7.259109973907471 18.674113946149017
7.310800552368164 18.704537952962585
7.362714767456055 18.760177420922908
7.4088664054870605 18.811758724952927
7.453707218170166 18.74395592777813
7.498746395111084 18.789441553728523
7.5397162437438965 18.82284684028739
7.576841831207275 19.057541131769344
7.613284587860107 18.92723934770173
7.648834228515625 18.902285111769757
7.682949066162109 18.96352504939748
7.718386650085449 18.849929908386482
7.758530616760254 18.916796325127507
7.802204608917236 18.87135830670196
7.8497633934021 18.85152756714851
7.894128322601318 18.886911395867145
7.943523406982422 18.853190186281786
7.992307186126709 18.86941458447478
8.037907600402832 18.899184499558707
8.085498809814453 18.928984184786007
8.139602661132812 18.780336598972188
8.19421672821045 18.769366180684642
8.247636795043945 18.812975405385348
8.298531532287598 18.78974601748974
8.350738525390625 18.812966800695925
8.402685165405273 18.75627592594866
8.45144271850586 18.8593707459266
8.497353553771973 18.821023762568952
8.542142868041992 18.928038864034477
8.580925941467285 18.911474938847366
8.622803688049316 18.8383601458894
8.666825294494629 18.820768186701528
8.713175773620605 18.75315243569793
8.76375675201416 18.6582148381137
8.814934730529785 18.613316971967855
8.866063117980957 18.582597808275718
8.917960166931152 18.58801808785885
8.96764087677002 18.62600498927001
9.016796112060547 18.615677822470747
9.062520980834961 18.58879448588103
9.107670783996582 18.60811225028223
9.149699211120605 18.608086886038894
9.192032814025879 18.565330467537194
9.237231254577637 18.424036543173415
9.284706115722656 18.41477917390565
9.33191204071045 18.437803431985323
9.379013061523438 18.415391252657308
9.425864219665527 18.39658852805565
9.470671653747559 18.401038395274032
9.517463684082031 18.271899584218694
9.564885139465332 18.263327873459744
9.611920356750488 18.207512658518375
9.658978462219238 18.169886920322075
9.709647178649902 18.14724364009279
9.759449005126953 18.15531003134664
9.807502746582031 18.111948953443864
9.858406066894531 18.033476183848922
9.910675048828125 17.975223644376204
9.95846939086914 17.969721778295373
10.005576133728027 17.868674962466837
10.050524711608887 17.882377667064915
10.097904205322266 17.670183692184345
10.149421691894531 17.698039535069835
10.19924545288086 17.655910085846685
10.248927116394043 17.523204288840716
