1.2851287126541138 7.363336218389238
1.4159865379333496 6.210665323021204
1.5035862922668457 5.728128183039445
1.572024941444397 5.257259920551899
1.630378007888794 5.037023936015833
1.6816502809524536 4.828045652432968
1.731415033340454 4.627123316048417
1.7769216299057007 4.488020206379285
1.8213876485824585 4.379555016411104
1.8646726608276367 4.313971539272816
1.9066269397735596 4.1778161151916535
1.9514877796173096 4.169409504848272
1.9930140972137451 4.056788899095404
2.0359091758728027 3.9726530055068614
2.079275131225586 3.9575447261713
2.1227097511291504 3.836871274360179
2.164677858352661 3.786462864639753
2.207852840423584 3.592313143268598
2.2544758319854736 3.3994843476276735
2.2999606132507324 3.3063846593773873
2.3484702110290527 3.1584503124664964
2.393974781036377 2.9260898723536437
2.436530590057373 2.8142197976126138
2.476132392883301 2.6379813844093314
2.5158560276031494 2.508485060709899
2.5524375438690186 2.4876823399543353
2.586719512939453 2.4124945153644974
2.622734308242798 2.31790847615383
2.6608753204345703 2.2557115808744013
2.703925609588623 2.1485635592986565
2.751290798187256 2.1167180802852275
2.795966386795044 2.1188080793647193
2.835780382156372 2.1049999743558923
2.8712918758392334 2.080236070918247
2.9033234119415283 2.0966910249566593
2.9341371059417725 2.088011601389822
2.963822603225708 1.9883996642567716
2.993579864501953 1.8017530420691477
3.0234198570251465 1.6731033962453896
3.0520801544189453 1.6624683221389196
3.0799739360809326 1.687357216606232
3.107330560684204 1.7261614343259404
3.135195255279541 1.8164437911329627
3.1663661003112793 1.8669619853590063
3.200786828994751 1.9040603974729995
3.2369062900543213 2.005585664558605
3.276052951812744 2.143846057330897
3.315976142883301 2.317022360586409
3.353513240814209 2.493150918847446
3.3890902996063232 2.5796568926661774
3.4210100173950195 2.596003615852162
3.452613115310669 2.6487097152655066
3.484834671020508 2.6389171518775845
3.517181158065796 2.705761450141275
3.5516369342803955 2.7944691836458544
3.586177349090576 2.986844346401763
3.6209237575531006 3.0710307189333164
3.655733346939087 3.26719960250828
3.694047212600708 3.3015525031883537
3.7346792221069336 3.3779198823983214
3.77679181098938 3.5824626454229533
3.816196918487549 3.8425847094781616
3.8593356609344482 4.106811106436366
3.902622938156128 4.54447966954818
3.9468319416046143 4.857457397081965
3.9900577068328857 5.079828189753171
4.027698040008545 5.233252542955827
4.0618181228637695 5.334781112970284
4.094949245452881 5.4025161642522885
4.127542495727539 5.431468542414682
4.16129732131958 5.615569033057347
4.1937737464904785 5.840681269692364
4.2269287109375 6.045887259675557
4.260100841522217 6.256572792665891
4.295630931854248 6.54505867454316
4.3332977294921875 6.835297240614721
4.375147819519043 7.196253110889927
4.417306423187256 7.465110051983148
4.461545944213867 7.65148736324515
4.506966590881348 8.006754558111194
4.556756496429443 8.270444686323952
4.604191780090332 8.537811231304472
4.65923547744751 9.106840597661538
4.716058254241943 9.587984800840893
4.7691144943237305 9.94126514862695
4.816229820251465 10.264154458772094
4.861855983734131 10.572163638735026
4.911466598510742 10.970739140180594
4.962618350982666 11.266848324559813
5.013072490692139 11.456612637193661
5.058130741119385 11.615134771842989
5.099072456359863 11.670602270885801
5.136999130249023 11.782565627215295
5.172515869140625 11.993981159742653
5.208219051361084 12.26111994908907
5.247792720794678 12.52272454113508
5.29215145111084 12.814873671494567
5.337106704711914 13.136476715643232
5.381547927856445 13.532769538472394
5.427694320678711 13.831176796412734
5.475759029388428 14.230071229780997
5.52570915222168 14.688596607388046
5.575371265411377 15.041384156676493
5.628744125366211 15.430055609677458
5.684371471405029 15.726489496149611
5.7292022705078125 15.993367688052638
5.767408847808838 16.1125664068298
5.807444095611572 16.359498619858332
5.8495354652404785 16.688950057043176
5.89574670791626 17.087619169444796
5.951002597808838 17.42469862720986
6.009712219238281 17.63308941768987
6.067022323608398 18.080419835227364
6.1153483390808105 18.394396986120732
6.1674580574035645 18.755003198630973
6.218307018280029 19.125137839078008
6.277853965759277 19.544757707693623
6.338310241699219 19.801187253242517
6.392431259155273 19.991433415970658
6.444280624389648 20.073728045931926
6.500202655792236 20.472971437256785
6.573125839233398 20.95240306744655
6.645928859710693 21.363225675585042
6.72295618057251 21.85229529312852
6.7882609367370605 22.101730523581427
6.869431972503662 22.495046959497145
6.966211318969727 23.049932746935642
7.058864116668701 23.124811224586438
7.144557476043701 23.399850993053548
7.216543674468994 23.342283310845126
7.2890944480896 23.46496061049726
7.362255573272705 23.679145147971756
7.434314727783203 23.608313047988172
7.509359359741211 23.752487263016594
7.577354907989502 23.78505800907479
7.642062187194824 23.852805390543043
7.700372219085693 24.02673126250008
7.756465435028076 24.156161213090737
7.81677770614624 24.203755900942355
7.875204086303711 24.245618958278648
7.93386173248291 24.26302202097174
7.989513397216797 24.39006934441245
8.038735389709473 24.450647719505174
8.085553169250488 24.468605763545792
8.131644248962402 24.63647902092518
8.1766939163208 24.586989863133528
8.223699569702148 24.59735998046017
8.27549934387207 24.568298829250406
8.334615707397461 24.526948985098937
8.40099811553955 24.556176897740873
8.463434219360352 24.58328474598593
8.52367115020752 24.617492882757936
8.579808235168457 24.663804583752018
8.635220527648926 24.65131339243761
8.6896333694458 24.649850635113957
8.743880271911621 24.66604270409892
8.797209739685059 24.63944384763295
8.851628303527832 24.68447686099936
8.903277397155762 24.756592230600145
8.950334548950195 24.592533127468617
8.999929428100586 24.62188387986246
9.046463012695312 24.642773635878424
9.094378471374512 24.583598317285336
9.143804550170898 24.51808551809154
9.197559356689453 24.49214025624543
9.252036094665527 24.509185686826573
9.303474426269531 24.41151449353613
9.35500431060791 24.409046653465456
9.404900550842285 24.387447580158113
9.450743675231934 24.436584872931533
9.495941162109375 24.313823321173793
9.545257568359375 24.275514988571363
9.590736389160156 24.232787740947337
9.635337829589844 24.171161615458008
9.68468189239502 24.06819710914603
9.732776641845703 24.02642523388235
9.783363342285156 23.89457389297499
9.833802223205566 23.8332479642299
9.888649940490723 23.793586483743667
9.93813705444336 23.749441708156084
9.9854736328125 23.6916678986058
10.030776023864746 23.691658531070825
10.079238891601562 23.49691931833841
10.13413143157959 23.355655996838188
10.1954345703125 23.217144133713056
10.259623527526855 23.03607183664488
10.320645332336426 23.077096149586474
10.374402046203613 22.995942722703216
