1.6187965869903564 6.019712563684486
1.720751404762268 5.175732789502682
1.801547646522522 4.647711748463834
1.8732861280441284 4.3014709432547376
1.9342937469482422 3.934034710964585
1.9792876243591309 3.6703248585026373
2.0140862464904785 3.507919465939575
2.044536590576172 3.34907212156878
2.0786008834838867 3.183877809962175
2.1119728088378906 3.110464974091275
2.143048048019409 3.1201453633897445
2.1731977462768555 2.986468862041302
2.204502820968628 2.90475200353167
2.2341532707214355 2.845192050678004
2.2673161029815674 2.746117166444527
2.3074166774749756 2.7586779011814473
2.3509812355041504 2.7234329941605058
2.3905932903289795 2.6652059751157164
2.425013542175293 2.5633065007086535
2.4580817222595215 2.4980754862905785
2.490413188934326 2.420871479352199
2.520620346069336 2.4736834206769203
2.548452854156494 2.431613573017501
2.576571226119995 2.294670545056393
2.607159376144409 2.203567599306993
2.6397645473480225 2.0475860301803253
2.668748140335083 2.0216228543068415
2.6944777965545654 1.9816407834190273
2.720888137817383 1.8634917877511343
2.7506632804870605 1.8102928957485336
2.7820215225219727 1.791308059526606
2.8179547786712646 1.7120001485102392
2.8529791831970215 1.7231289294707937
2.889172077178955 1.7247916660000528
2.9249751567840576 1.7944699260699002
2.9589080810546875 1.770846307263043
2.9936563968658447 1.7572737139337071
3.0292649269104004 1.8594257812808983
3.062903881072998 1.9803753480934068
3.098405599594116 2.1674250235356314
3.1388139724731445 2.284125683681864
3.186964273452759 2.438022506807482
3.2380032539367676 2.5699359162109268
3.2812652587890625 2.753371472305817
3.3206520080566406 2.967840976952084
3.356663227081299 3.060779287568355
3.395829200744629 3.1588700279133977
3.4355008602142334 3.181936445378841
3.4781765937805176 3.1612093737523583
3.529054641723633 3.2289759162284413
3.576946973800659 3.468170006928193
3.6182701587677 3.652586633307374
3.6588737964630127 3.654645842138549
3.710899829864502 3.691491663621837
3.762357234954834 3.8232623385383935
3.8068313598632812 3.954904089164494
3.8445932865142822 3.987487086432381
3.8860669136047363 3.968691788823462
3.9348068237304688 3.9793917490432538
3.9819281101226807 4.170414676435711
4.022133827209473 4.314921884933965
4.058091640472412 4.405789288237284
4.094592571258545 4.475197749570566
4.13416862487793 4.578162229362747
4.180940628051758 4.817258212039568
4.229567527770996 4.928238381102326
4.274872303009033 5.202877437264278
4.316184043884277 5.5121496370513
4.354376792907715 5.755583263054394
4.393167495727539 5.987954500424854
4.427116394042969 6.0547956137915016
4.453915119171143 6.085411267541508
4.480310916900635 6.18080361473032
4.511445045471191 6.2754380189548975
4.551987171173096 6.552837330954498
4.59978723526001 6.9946554810605095
4.647813320159912 7.318463086359428
4.693456172943115 7.702688215042967
4.733821868896484 7.969194523012021
4.7734246253967285 8.038593055045759
4.8206467628479 8.224985850547952
4.876221656799316 8.621919949266035
4.927648544311523 8.89161183781009
4.980207920074463 8.977905861379012
5.030096054077148 9.145430320722726
5.076260089874268 9.490519511176439
5.111571311950684 9.780327414308584
5.143789291381836 9.86786484076693
5.184647083282471 9.979120882072325
5.235965251922607 10.338226436239282
5.29071044921875 10.492838595947758
5.349837779998779 10.931659663150862
5.410617351531982 11.228008064559047
5.470601558685303 11.431840129107082
5.530224800109863 11.617356818036201
5.585381984710693 11.892880985690226
5.631914138793945 12.127778423779963
5.675314903259277 12.344616113773206
5.722683906555176 12.453925604825502
5.778695106506348 12.617128501387066
5.8395514488220215 12.7653260380931
5.891933441162109 12.804953919480063
5.9424872398376465 12.93464363007968
6.001216411590576 13.370409080566748
6.06588888168335 13.846929549124495
6.121289253234863 14.271546787593508
6.17372989654541 14.420936320874771
6.2332072257995605 14.5795902336483
6.3058857917785645 14.657107219986207
6.382218360900879 14.935217554497097
6.446819305419922 15.060419059640344
6.512594223022461 15.26523806901991
6.565340518951416 15.306207320260866
6.616148471832275 15.405902921699209
6.667796611785889 15.453909740849259
6.721159934997559 15.493929972356444
6.77874755859375 15.548588648270002
6.833165645599365 15.596535158228244
6.8907856941223145 15.742831611507816
6.949620723724365 15.805818388853154
7.007175922393799 15.892278840596568
7.057748317718506 16.004150248828182
7.109452247619629 15.972862851884058
7.160686492919922 16.04337870475672
7.202232837677002 16.053845098574506
7.242984294891357 16.02982450282482
7.291016578674316 16.02328531851929
7.340464115142822 16.07301175693883
7.391312122344971 16.149521892520873
7.431671142578125 16.311127396172882
7.472955226898193 16.23185960181005
7.514799118041992 16.21379576785659
7.554050922393799 16.202888880214438
7.5909953117370605 16.090531364983647
7.634419918060303 15.967682195445894
7.687480449676514 15.97856920021689
7.744277000427246 15.991627511711329
7.796956539154053 16.111656445165803
7.842672348022461 16.23575541711328
7.883771896362305 16.19565579284583
7.932811260223389 16.137417951500613
7.978865146636963 16.130487430202336
8.025418281555176 16.1046355046614
8.078279495239258 16.0674659888722
8.132123947143555 16.078055410351325
8.18005657196045 16.114067835567017
8.224345207214355 16.114339478523743
8.27470588684082 16.047900449845287
8.334175109863281 16.004579379495055
8.392501831054688 16.060566437309088
8.444021224975586 16.09379025661258
8.487974166870117 16.156636699016275
8.530542373657227 16.184374733995316
8.575884819030762 16.099270591391313
8.623458862304688 16.02970291358935
8.674131393432617 16.074453885033336
8.73095417022705 15.964658231763593
8.783726692199707 16.01782598823504
8.8295259475708 16.041119175038475
8.875541687011719 15.97922559819105
8.920841217041016 16.00155262134748
8.967637062072754 15.910651182446697
9.015360832214355 15.952705382349984
9.063736915588379 15.864569726328059
9.109899520874023 15.86541707109731
9.151521682739258 15.90336094478607
9.188976287841797 15.850575917551096
9.228665351867676 15.785197607415876
9.273000717163086 15.692319697846637
9.321502685546875 15.610638093068301
9.365053176879883 15.570429802309597
9.411359786987305 15.563748109947008
9.457524299621582 15.512849429945556
9.499902725219727 15.480378319903462
9.54347038269043 15.501725799765357
9.587946891784668 15.264976059346202
9.638022422790527 15.243794575680534
9.702570915222168 15.128251006258406
9.762310028076172 15.107995978296657
9.813591957092285 15.01853218266979
9.872913360595703 14.873442111333393
9.93896484375 14.801937479032635
10.002013206481934 14.729893323878699
10.066793441772461 14.65606668676635
10.129873275756836 14.536871227158871
10.189559936523438 14.525486590875744
10.247212409973145 14.325873528461535
10.323320388793945 14.116237340380318
