1.3255457878112793 10.644192700224089
1.6197394132614136 9.25067963185282
1.6985266208648682 8.405614219694044
1.7861334085464478 8.158853538719018
1.8808969259262085 7.769195386795567
1.9577386379241943 7.285416609122229
2.018913507461548 6.868977664925712
2.0707151889801025 6.533279162906416
2.1199004650115967 6.278625817202446
2.168104410171509 5.973650186511221
2.211500883102417 5.7417756210131135
2.251314640045166 5.569341797205257
2.290144443511963 5.501328096383748
2.3285553455352783 5.436092123560556
2.3626909255981445 5.3648932710832895
2.3935794830322266 5.202992968836612
2.42618989944458 4.9804114127012085
2.4639177322387695 4.74075347901616
2.503556251525879 4.633878502460853
2.5419394969940186 4.493806546642736
2.578394651412964 4.363809422707126
2.6198315620422363 4.273079828312137
2.6647844314575195 4.216607784538662
2.705174684524536 4.072093320498341
2.7438294887542725 3.987665479698671
2.782763957977295 3.812473471623149
2.8241374492645264 3.658897802859758
2.865640640258789 3.4874834273597157
2.9094488620758057 3.3979073759024683
2.9555320739746094 3.3425582968798935
3.0057075023651123 3.2653282360091027
3.0529839992523193 3.3141944623389907
3.094635248184204 3.2775299161220577
3.1340394020080566 3.14871187006652
3.172856092453003 3.0625923204141294
3.2130322456359863 2.998419979629754
3.254100799560547 2.932605557489242
3.2974915504455566 2.902379214777105
3.3385183811187744 2.8544778363268906
3.3751468658447266 2.9237593756061044
3.4096028804779053 2.8046943248476657
3.4469242095947266 2.7046906476525687
3.4845447540283203 2.6192193247221778
3.5192198753356934 2.5084476388746544
3.554814100265503 2.4555360821697545
3.586764097213745 2.45248325075919
3.6187617778778076 2.355050756636558
3.654961109161377 2.291172588934494
3.69547438621521 2.2604310665130223
3.741978645324707 2.240357527046193
3.789797306060791 2.1828649469633987
3.8391635417938232 2.1700703562500605
3.8824007511138916 2.196920215472103
3.922004461288452 2.2110666164684343
3.966968536376953 2.113707868923427
4.020380020141602 2.0896704914943274
4.073120594024658 2.0497293974995348
4.119699954986572 2.1001152558018172
4.16070032119751 2.1456362078821942
4.2007737159729 2.1567239306912738
4.243373394012451 2.2245319051697976
4.286128997802734 2.2191671213710986
4.329315185546875 2.344093297375785
4.3724541664123535 2.369114490444424
4.415024280548096 2.3751594124135917
4.455156326293945 2.402433547353603
4.4934539794921875 2.3257363144069187
4.5292582511901855 2.3774034466398652
4.563770294189453 2.344715784613196
4.59769868850708 2.373013184901629
4.63170051574707 2.3280105194002525
4.671058654785156 2.2961159013369143
4.713468551635742 2.323057398231423
4.759957790374756 2.298572243483427
4.801548480987549 2.397672562884649
4.838009834289551 2.429411633244494
4.875260353088379 2.4243558965726155
4.91507625579834 2.536764028798626
4.948881149291992 2.6491373497102493
4.981379508972168 2.7387126162321063
5.014653205871582 2.7779351546481275
5.043639659881592 2.9531219958642385
5.068411827087402 3.0449488179942605
5.0946946144104 3.105591734144087
5.123980522155762 3.05650005428947
5.160684585571289 3.0376284521476
5.205057621002197 3.1282110611115517
5.252750873565674 3.3045571087721504
5.298618793487549 3.472263046908245
5.342940807342529 3.676551101105502
5.385174751281738 3.885601178650365
5.424448490142822 4.025541592229947
5.465781211853027 4.237965731891177
5.512152671813965 4.336072161210995
5.562315940856934 4.611818387435674
5.6137895584106445 4.860646372799737
5.662158966064453 5.101595293862348
5.711007595062256 5.27008082851043
5.767699718475342 5.414772738300157
5.8279194831848145 5.615727163381581
5.886863708496094 5.811584808041637
5.948980808258057 5.977500031479046
6.0115461349487305 6.270168697268206
6.068163871765137 6.470113744866333
6.123263359069824 6.646761916290999
6.172564506530762 6.856717209759838
6.219455242156982 7.011222459955178
6.2668938636779785 7.07847981969083
6.321462154388428 7.200072298088187
6.373233795166016 7.396342635265401
6.420492172241211 7.58795977227531
6.469820022583008 7.6332275856629
6.519107818603516 7.78822990024109
6.571786880493164 7.874716406758163
6.625796318054199 8.013621999039504
6.682446002960205 8.24947605114253
6.741089820861816 8.419230271151111
6.799089431762695 8.670070271654042
6.8439435958862305 8.765506112741654
6.890041351318359 8.878639733960622
6.9356794357299805 8.896058364718039
6.980564117431641 9.039199342129502
7.0265703201293945 8.98002309373687
7.0747904777526855 9.093501944795543
7.119278430938721 9.110530532889511
7.165457248687744 9.206282810944304
7.209054946899414 9.227376480306871
7.260801792144775 9.232735820205958
7.313868045806885 9.405746801702536
7.36130428314209 9.423945536458488
7.408023357391357 9.49321048954954
7.46097469329834 9.447085738446217
7.517665863037109 9.450053109510508
7.582128047943115 9.494429103554909
7.643443584442139 9.550881485291738
7.693857192993164 9.648666771445397
7.738734245300293 9.753467481337061
7.7874369621276855 9.713366311896092
7.83780574798584 9.663763564410708
7.885045051574707 9.702934941868467
7.935075759887695 9.67053318245626
7.983858108520508 9.620999870179737
8.035133361816406 9.693917242218088
8.089679718017578 9.535612900436028
8.14639663696289 9.501548609579586
8.200617790222168 9.441763006025823
8.255948066711426 9.481405359116438
8.30661392211914 9.483156822539202
8.355833053588867 9.476376575043572
8.401422500610352 9.415287642514652
8.45406723022461 9.266356729485182
8.51191520690918 9.269525066096639
8.569439888000488 9.1478577154562
8.630511283874512 9.111350734369426
8.690606117248535 9.084499347611029
8.742634773254395 9.078454346227236
8.790839195251465 9.02625298563156
8.841410636901855 8.970203158487688
8.89724063873291 8.874016208001542
8.955511093139648 8.783199583983908
9.012476921081543 8.71034795296768
9.066427230834961 8.769765197423181
9.114847183227539 8.809616697690432
9.156421661376953 8.753154256695671
9.19714069366455 8.775305177576826
9.23363208770752 8.730781306547911
9.272711753845215 8.691706886955677
9.313751220703125 8.601735226362349
9.358375549316406 8.566364054609833
9.406944274902344 8.464877912284878
9.453938484191895 8.383447247267574
9.502837181091309 8.29749898152242
9.549610137939453 8.29492882272979
9.597944259643555 8.183610702686105
9.64898681640625 8.095242361143143
9.702674865722656 8.117167184298058
9.75323486328125 8.008546720369544
9.802777290344238 8.082121622879564
9.853496551513672 7.930240197277936
9.911516189575195 7.748405973764701
9.971171379089355 7.668836492159336
10.030579566955566 7.585572712650826
10.086075782775879 7.524995625692455
10.14426040649414 7.39503252329387
10.208354949951172 7.2616758700710955
10.271955490112305 7.148226658497693
10.335726737976074 7.019449126191041
10.398574829101562 6.94467829072246
