1.7345181703567505 11.836892625178935
1.8197301626205444 10.784856605310667
1.8886598348617554 10.164077443904649
1.9437170028686523 9.839402350227097
1.9896005392074585 9.47074599084232
2.0322530269622803 9.17088105284033
2.074333667755127 9.004106832116895
2.1159138679504395 8.898611401090685
2.1581153869628906 8.850940430879087
2.2016303539276123 8.79371165997567
2.2415409088134766 8.64027356955843
2.2795889377593994 8.353261823896533
2.3177263736724854 8.212052596917871
2.355098009109497 7.961344045166906
2.3982880115509033 7.683869731931209
2.4414823055267334 7.508790161931234
2.4939658641815186 7.4913257153899595
2.5575449466705322 7.523594478005908
2.6203415393829346 7.041057231408238
2.668372631072998 6.533138128362752
2.704127788543701 6.241620241995478
2.7360570430755615 6.075871552124049
2.765268564224243 6.115992219785754
2.7929553985595703 6.094300207881633
2.82236385345459 6.044189102478648
2.854788303375244 6.016667223728088
2.89007568359375 5.9142202078626624
2.927558422088623 5.697633006189027
2.966909408569336 5.612147501868827
3.0096921920776367 5.44744674886588
3.0573573112487793 5.2949532860400135
3.111077308654785 5.056188362572115
3.163074016571045 4.68486684435984
3.2091264724731445 4.411499679986154
3.2535288333892822 4.326655191860222
3.2976861000061035 4.337069833177201
3.340559720993042 4.265019788798547
3.382833242416382 4.131967458662043
3.421905755996704 4.022191758055857
3.4610507488250732 3.7896063015540893
3.501474142074585 3.7904946714367296
3.541407823562622 3.7616745811539714
3.582667827606201 3.6886084580251586
3.6267614364624023 3.4967985362340355
3.670523166656494 3.3852275745555205
3.7141594886779785 3.155085296036053
3.7567412853240967 2.994585283680071
3.803370475769043 2.8694051946439503
3.848706007003784 2.7845635541985727
3.893064498901367 2.5123067102625556
3.932697296142578 2.4273302158969283
3.96659517288208 2.34367849105494
3.9984073638916016 2.367530644602955
4.029757499694824 2.2999812832123636
4.060691833496094 2.2661058836886574
4.09196662902832 2.122153805078177
4.123660564422607 2.0299172725648345
4.156919956207275 1.9969678946647227
4.1920857429504395 1.977991331532966
4.226432800292969 1.9192333488813949
4.260276794433594 1.8594747833844767
4.293617248535156 1.833090176184371
4.322150707244873 1.8695243447294787
4.350713729858398 1.8683718045585365
4.38101053237915 1.8641232994949957
4.414603233337402 1.8680248287777013
4.44941520690918 1.8539965358670116
4.484006881713867 1.8489114089412093
4.514761924743652 1.8983166275096173
4.542054653167725 1.9445735106690156
4.567363262176514 2.0250595014641495
4.593110084533691 2.0599792782112094
4.618638038635254 2.1595070682138653
4.6448140144348145 2.2484920212348714
4.672080039978027 2.3374620160829243
4.702812194824219 2.3979474218640946
4.737961769104004 2.520732980565595
4.779096603393555 2.586207757510434
4.824854373931885 2.6609094849255626
4.871791839599609 2.7588831546497934
4.914229393005371 2.889850217206498
4.954446315765381 3.0743435330914806
4.994102954864502 3.2537659355266033
5.03014612197876 3.406827475403119
5.064271450042725 3.6266934033529727
5.09473180770874 3.8723147583522066
5.12197208404541 4.041968688331738
5.148041725158691 4.189273264164925
5.174860954284668 4.3000167569653795
5.201674461364746 4.475246059670673
5.231089115142822 4.62124334251191
5.260665416717529 4.793716976507145
5.290696620941162 4.973983231530057
5.320680141448975 5.2091191633762834
5.353131294250488 5.450907282465318
5.3858771324157715 5.745914258040906
5.4166412353515625 5.989759620893705
5.449026584625244 6.2329923949340555
5.485578536987305 6.452400086703803
5.526163578033447 6.808880909757022
5.574538230895996 7.066643613697958
5.628787517547607 7.495916285929933
5.692350387573242 8.04258713372164
5.76491117477417 8.632436519946918
5.830479621887207 9.068051753340006
5.88559103012085 9.318906021824542
5.9302873611450195 9.455959373051218
5.96718692779541 9.661187080428114
6.0023298263549805 9.853677777083119
6.035079479217529 10.17879460567879
6.071826934814453 10.557376775856264
6.11922550201416 10.985894458805136
6.1815104484558105 11.47132989542039
6.263042449951172 11.868402490105597
6.343393325805664 12.441933482409546
6.416236400604248 12.805750418585038
6.492519378662109 13.332893287895383
6.567802906036377 13.873435485543407
6.647707939147949 14.354008419190611
6.7340593338012695 14.669625120002902
6.808671951293945 14.931872660472395
6.871153354644775 15.01651934927198
6.932018756866455 15.202744847900505
6.9914655685424805 15.42319185405728
7.05213737487793 15.5436121989251
7.111894130706787 15.725109835417078
7.162071704864502 15.78112491296366
7.208187580108643 15.978894495052751
7.254879951477051 16.13530633761959
7.309117794036865 16.432460199066394
7.3700666427612305 16.67188738798728
7.426732540130615 16.854118949395076
7.484592437744141 16.94224836978341
7.535162448883057 16.948792708273725
7.589170932769775 17.0123308268119
7.6352458000183105 17.195738080765803
7.6822638511657715 17.21049533446565
7.7330322265625 17.156879821820784
7.787275314331055 17.1164282566272
7.846343994140625 17.1194372965149
7.905365943908691 17.16464383908927
7.963494777679443 17.219936598841105
8.016617774963379 17.212946454698532
8.06431770324707 17.28212172751671
8.102835655212402 17.471942690420075
8.140396118164062 17.421623737291686
8.18013858795166 17.378151654495014
8.222311019897461 17.321425920410636
8.266557693481445 17.282230441025337
8.312403678894043 17.324195316127142
8.359822273254395 17.260061718112876
8.407243728637695 17.222220906472792
8.45583438873291 17.247732908623274
8.500934600830078 17.21146674215613
8.54510498046875 17.264781189975665
8.589786529541016 17.2214152117206
8.63245677947998 17.25385232653512
8.671430587768555 17.29979658534651
8.711638450622559 17.22570964985496
8.755097389221191 17.205691558127654
8.798812866210938 17.216418310933292
8.843598365783691 17.16084327126384
8.889313697814941 17.223338857474893
8.934687614440918 17.219506310963997
8.978188514709473 17.258702827749
9.017683029174805 17.329614245914776
9.057283401489258 17.29013123481738
9.095209121704102 17.326456878616504
9.136495590209961 17.19728660163249
9.179398536682129 17.23458038137304
9.227090835571289 17.176691532696005
9.279731750488281 17.111879507127476
9.3396577835083 17.17792207185584
9.39651107788086 17.209136181886816
9.44880199432373 17.21884459018121
9.498878479003906 17.284501145128882
9.546906471252441 17.362755859621025
9.59850025177002 17.287411947517242
9.647217750549316 17.32431517163935
9.69975757598877 17.281091782857924
9.75942325592041 17.18055334195667
9.8228178024292 17.121304908691272
9.887086868286133 17.09066771137419
9.960320472717285 17.03633947063267
10.034424781799316 17.075537683633982
10.108832359313965 16.986964786067027
10.175848960876465 16.998848132671856
10.244108200073242 16.751642471417863
