0.845619797706604 8.541012381883409
0.983309268951416 8.168799657449272
1.0990374088287354 7.778468076991783
1.189432144165039 7.73797212414967
1.2662208080291748 7.4001467141843005
1.339836597442627 7.35428523173082
1.4164727926254272 7.140521320892112
1.4899929761886597 6.918747655027427
1.557234287261963 6.823851583209001
1.6312700510025024 6.578213037137876
1.7196624279022217 6.341694624439434
1.8128249645233154 5.947014897137389
1.899370551109314 5.566294351611163
1.963571310043335 5.404004966803303
2.0121684074401855 5.278998639853953
2.0589540004730225 5.00281576206626
2.114370584487915 4.699118274356351
2.1723718643188477 4.453640910742922
2.2248048782348633 4.252984131811509
2.2718777656555176 4.044185799596255
2.3195109367370605 3.7686210221171086
2.367117166519165 3.5882488928082337
2.4137024879455566 3.431892714650301
2.451540946960449 3.3348390306588374
2.484199285507202 3.1977942386888163
2.520838737487793 2.9796689324226717
2.5582783222198486 2.876051220045343
2.5899908542633057 2.784435763895498
2.6194777488708496 2.6358825408367785
2.6499640941619873 2.521799542868754
2.6836791038513184 2.3819550479679834
2.719491481781006 2.2364914471805477
2.7576701641082764 2.137915663216723
2.7965948581695557 2.0410982016303474
2.8292746543884277 2.0641305462126667
2.859657049179077 1.9997673406041665
2.8877573013305664 2.0534263574417353
2.912421941757202 2.1568579558387255
2.933549165725708 2.1432659508343797
2.9530062675476074 2.053325472999842
2.978179693222046 1.8906202108387464
3.008937358856201 1.8175218393664603
3.0406477451324463 1.8431846049780984
3.071099281311035 1.8594608958871188
3.100374937057495 1.81828055935838
3.1362874507904053 1.8334443783116328
3.1758339405059814 1.84714594211708
3.2127323150634766 1.9668470647531566
3.243485450744629 1.952822836203495
3.277263879776001 1.9149947218871564
3.315253734588623 1.931300652344269
3.3560776710510254 1.999703148998261
3.3988025188446045 2.1606468289365908
3.4400269985198975 2.2948771783119675
3.4763219356536865 2.464723795960712
3.5081653594970703 2.5540017804583717
3.5419247150421143 2.686591183133744
3.575806140899658 2.743240074301284
3.6137452125549316 2.8053491502811125
3.6586194038391113 2.886447652618599
3.704925775527954 3.0934298662908684
3.7463555335998535 3.314419312886555
3.7824456691741943 3.5452725759204853
3.8122220039367676 3.7167679986413575
3.8450162410736084 3.724444470234698
3.887287139892578 3.830734092754877
3.931734323501587 4.01032800017954
3.976165533065796 4.227859915890385
4.015835285186768 4.446335654779375
4.051459312438965 4.623300087354974
4.083499431610107 4.758871910443462
4.117186069488525 4.86682359805113
4.152199745178223 5.087886036794291
4.187908172607422 5.363187798687385
4.226558685302734 5.642639465532938
4.287267208099365 5.910748920690647
4.3589677810668945 6.113126498605434
4.4268975257873535 6.384611789263589
4.491562366485596 6.713009746667303
4.547056198120117 6.956013327533102
4.597099304199219 7.178215158177682
4.645858287811279 7.329309534992691
4.6952595710754395 7.57924787609849
4.737165927886963 7.896930844225336
4.779268741607666 8.02719203629977
4.8268914222717285 8.11634171073407
4.878971099853516 8.349221205734729
4.930524826049805 8.537481518045567
4.984689712524414 8.813337161070107
5.029087066650391 9.070420607939434
5.066574573516846 9.370969848719366
5.100532531738281 9.56074254523078
5.1426591873168945 9.591471766130951
5.191048622131348 9.740572851219008
5.244776248931885 10.004670559594244
5.293588638305664 10.338060520479262
5.338327884674072 10.465831202428367
5.3943305015563965 10.538674100288503
5.4589362144470215 10.79827234587829
5.515995025634766 11.18477151948627
5.559804916381836 11.308531219166392
5.603741645812988 11.488483452480557
5.652257442474365 11.551736869120765
5.700425148010254 11.733670223569671
5.749081611633301 11.873143305141825
5.790485858917236 11.984454629316568
5.839219570159912 12.024612569555291
5.896292209625244 12.099890135671023
5.965368270874023 12.326349799384486
6.021068572998047 12.544590651474772
6.069704532623291 12.77321646770785
6.111759185791016 13.028908211493818
6.152313709259033 13.103615465617604
6.195818901062012 13.212854568063031
6.242729187011719 13.231708521779137
6.307615756988525 13.25761823551434
6.375870227813721 13.369563889546356
6.443932056427002 13.529226457468715
6.4983906745910645 13.676769124861224
6.550470352172852 13.780925525779903
6.608404636383057 13.775312289159498
6.6654372215271 13.918073017798775
6.724457740783691 13.989867959700714
6.7814106941223145 14.03108765481772
6.842044353485107 14.09536896512067
6.894084453582764 14.067191741471628
6.945705890655518 14.14931813675799
6.996088027954102 14.09502130859348
7.043297290802002 14.120179482416061
7.091439247131348 14.211552325537514
7.14387845993042 14.117341768130153
7.204553127288818 14.039020169221798
7.271852493286133 13.955394736177604
7.336592197418213 14.011948617662341
7.395386219024658 14.06516866567698
7.449944972991943 13.983701257955639
7.502262592315674 14.036624813986478
7.552060127258301 13.93341536305129
7.6018385887146 13.825082113664076
7.6508989334106445 13.762867545797832
7.703088283538818 13.783762126845401
7.749402046203613 13.772866478455931
7.795042037963867 13.649876870900835
7.8457183837890625 13.655559248899989
7.8903350830078125 13.619588406272296
7.927544593811035 13.611104728578136
7.963537216186523 13.6215580421544
7.999406814575195 13.5755056763397
8.038458824157715 13.396685349199897
8.08169937133789 13.400534963526022
8.12596607208252 13.378533444289134
8.16817855834961 13.419568062911255
8.2034912109375 13.343677557622712
8.240033149719238 13.321977278562088
8.283892631530762 13.114506667919803
8.338889122009277 12.977241608335074
8.399552345275879 12.925257183689965
8.457858085632324 12.912859560832818
8.510422706604004 12.887312765851588
8.563305854797363 12.82614939807661
8.621331214904785 12.747522061340748
8.68406867980957 12.6321723779075
8.748966217041016 12.645433394660516
8.805346488952637 12.685635139865198
8.853200912475586 12.750058929220023
8.895771980285645 12.798410506019694
8.940423965454102 12.734745596085487
8.97939395904541 12.819329471667773
9.016061782836914 12.782486580923369
9.054551124572754 12.789940034872336
9.092596054077148 12.644319633261533
9.138223648071289 12.549877997515125
9.193033218383789 12.42379631612178
9.25275707244873 12.397582970349161
9.313334465026855 12.35068402647466
9.372794151306152 12.363704943936124
9.427391052246094 12.34538575886939
9.487198829650879 12.255353505529564
9.55322551727295 12.301151997360916
9.612081527709961 12.38766779552451
9.661641120910645 12.427317218759093
9.705174446105957 12.448424068865108
9.751723289489746 12.418747166939086
9.800838470458984 12.416948043270818
9.850841522216797 12.314528273038698
9.910980224609375 12.255384972553951
9.975372314453125 12.179210153428013
10.04132080078125 12.28906621237296
