0.9254502654075623 5.203784467728225
0.9994383454322815 4.648234949968216
1.0582348108291626 4.355304361814167
1.113003134727478 4.254391558410841
1.1760904788970947 4.52328652380491
1.2526384592056274 4.921740233193876
1.3503165245056152 4.654844687431332
1.4433248043060303 4.2688921720907995
1.5463519096374512 4.151212409081558
1.6603747606277466 3.9807221526778016
1.746084451675415 3.5783789540684032
1.812412142753601 3.479538979069937
1.8608334064483643 3.313372267119493
1.9037708044052124 3.2207115235666355
1.9405386447906494 3.049842218118752
1.9749640226364136 2.910989402152141
2.0147876739501953 2.671097991706645
2.0534369945526123 2.5232458865089753
2.092137098312378 2.3172027884935638
2.130019426345825 2.200270302659245
2.170506715774536 2.0655463471081066
2.213892698287964 1.9581726828512573
2.257498025894165 1.9199374038414203
2.3042469024658203 1.8349807776811784
2.347817897796631 1.9017190967568414
2.3908820152282715 1.9468182433291783
2.4391634464263916 1.9736948259820013
2.4917430877685547 2.00373065665179
2.5462396144866943 2.043003698945447
2.6008658409118652 2.100520056602661
2.6550590991973877 2.082322893214084
2.7101340293884277 2.1960298518282313
2.76352858543396 2.142192374057338
2.822917938232422 2.0877542939566607
2.880565643310547 1.960711295866445
2.9343035221099854 1.9131083830772102
2.9860289096832275 1.8474373017715917
3.0338633060455322 1.8475467945150392
3.074836254119873 1.9146178942835266
3.1121275424957275 2.0052533238362424
3.145725965499878 2.0990235873460796
3.1783361434936523 2.194589862977912
3.211228370666504 2.2064493131816305
3.2512130737304688 2.3036084348012595
3.299492597579956 2.5031157167174753
3.3592331409454346 2.8576419417500016
3.4236252307891846 2.8961614933046786
3.4825165271759033 2.963125193775347
3.533601999282837 3.0755927457713566
3.5791890621185303 3.177137729998897
3.6240105628967285 3.3195857011074676
3.666790246963501 3.4744170207801286
3.706402540206909 3.623947523237329
3.742839813232422 3.6998606550987616
3.78000807762146 3.7481107537225244
3.8134422302246094 3.7787327681725427
3.8446109294891357 3.8917003620086383
3.8722290992736816 3.882243427285778
3.89923095703125 3.949592209513107
3.9293136596679688 3.97395663764725
3.964005708694458 4.104460424016643
4.006706714630127 4.2774405949652365
4.059519290924072 4.51691844733223
4.115212440490723 4.735693196839325
4.164351940155029 4.956120767549057
4.2089362144470215 5.076750278973438
4.253528118133545 5.2088533615607595
4.299335479736328 5.341043758828655
4.347219467163086 5.528690889076891
4.397891044616699 5.7564433289919625
4.44765567779541 6.138298537573797
4.490097522735596 6.50223098431895
4.522726058959961 6.811458095694945
4.548712730407715 7.05378975488353
4.5715203285217285 7.274257777441798
4.592843532562256 7.393216418425204
4.615622520446777 7.51750602846553
4.644364833831787 7.63031856731686
4.6816253662109375 7.856234428125992
4.729083061218262 8.185781891268919
4.788364887237549 8.769278324223574
4.860527515411377 9.551050684881613
4.967726707458496 10.098893791933797
5.047952651977539 10.297986138043568
5.112958908081055 10.52269521441692
5.167829990386963 10.83088422485806
5.213716983795166 11.052957639919095
5.255071640014648 11.342319106907157
5.292668342590332 11.635098518096507
5.329601764678955 11.882892279947631
5.370349884033203 12.188297428763875
5.420894622802734 12.482858856284391
5.47514009475708 12.937395929348623
5.530492782592773 13.391712616836172
5.5880126953125 13.820756991474836
5.655611991882324 14.102331766131146
5.724258899688721 14.392618918372897
5.792386054992676 14.598928656752605
5.861288070678711 14.906815800054607
5.9253129959106445 15.227901737144526
5.989499568939209 15.567465365075984
6.048730850219727 15.878590610361183
6.111996173858643 16.18223820869893
6.169223308563232 16.534468583172913
6.227304458618164 16.78715219215536
6.289204120635986 16.934233259152908
6.360830783843994 17.161212908974914
6.430728435516357 17.31277386903783
6.491282939910889 17.46461227123035
6.541149616241455 17.625181806955066
6.5887227058410645 17.93098110168064
6.632232666015625 18.05238659445615
6.680121421813965 18.259583471790197
6.732856750488281 18.568487541214534
6.786746501922607 18.770659035350736
6.842265605926514 18.987596076960017
6.89584493637085 19.16375108093313
6.946107387542725 19.327950719008037
7.001315593719482 19.37983046633588
7.07077169418335 19.319280250390722
7.128137588500977 19.449150890252895
7.178061008453369 19.41324577980166
7.230073928833008 19.49051685040893
7.280592441558838 19.53128097995911
7.336663722991943 19.73755993463851
7.387526035308838 19.856886470560266
7.439566612243652 19.823043047671003
7.490196704864502 19.871944973100433
7.534535884857178 19.948336662911455
7.580193042755127 19.91692322670894
7.627037525177002 19.945975349614574
7.6748948097229 19.986682738055332
7.7235565185546875 19.987930308899383
7.777392387390137 19.88463339612224
7.832942485809326 19.86761171968015
7.884577751159668 19.9114955173614
7.932435035705566 19.850568845313155
7.980528831481934 19.91975825892085
8.025858879089355 19.84562683051694
8.078646659851074 19.74316244110972
8.136207580566406 19.72375087489097
8.194519996643066 19.70619142680446
8.253726959228516 19.69173248252198
8.306281089782715 19.680030362714987
8.367064476013184 19.586376683142625
8.430120468139648 19.56667619823004
8.492622375488281 19.499389558039983
8.556476593017578 19.551643288487444
8.606389999389648 19.626951896136596
8.647832870483398 19.677387712921302
8.683378219604492 19.773571400749052
8.718891143798828 19.708497518049576
8.756383895874023 19.65415616863655
8.791675567626953 19.685810877585233
8.826498985290527 19.710978540018505
8.855161666870117 19.703690750660307
8.882229804992676 19.76749977857898
8.90850830078125 19.739175455029564
8.939724922180176 19.513709659521076
8.979484558105469 19.408477913060942
9.028512954711914 19.298680006871923
9.083391189575195 19.213225917328355
9.143757820129395 19.180514833008964
9.199365615844727 19.210852327605163
9.2461519241333 19.26341030399972
9.29100227355957 19.3543818502985
9.329391479492188 19.289460852148785
9.367131233215332 19.233696069974712
9.406045913696289 19.2492491744882
9.443275451660156 19.234611716826333
9.48234748840332 19.08310244885901
9.528473854064941 18.939930822102962
9.58151912689209 18.855688561865772
9.639467239379883 18.74437331856492
9.69921875 18.62994790036174
9.760842323303223 18.54498129558725
9.819988250732422 18.47506588904285
9.881341934204102 18.41472512896703
9.941449165344238 18.333889593943088
10.006924629211426 18.223301440995193
10.068330764770508 18.06230247260856
10.139554023742676 17.976619044753757
10.203807830810547 17.93323371939585
10.26611328125 17.77310395450935
10.334515571594238 17.587420978327334
10.399356842041016 17.53740085446569
10.457321166992188 17.447272669156792
10.510669708251953 17.317590838569977
