1.5428293943405151 9.60421398465622
1.6600044965744019 8.06207689664005
1.7347172498703003 7.645990773348554
1.8362325429916382 7.482271820990613
1.9165520668029785 7.161090786339137
1.978510856628418 6.789826820638949
2.0291616916656494 6.511886540938818
2.073395252227783 6.245675947360103
2.1181800365448 5.96824383791743
2.171497344970703 5.4882917609570345
2.232004404067993 5.035965564421398
2.2869627475738525 4.885309656103199
2.3297789096832275 4.991233537774883
2.363659143447876 4.898032783048071
2.3947300910949707 4.819808415623785
2.425053834915161 4.6520047732079295
2.460993528366089 4.4525933543592116
2.499138832092285 4.3722861545747005
2.5315253734588623 4.2526944032760445
2.5648646354675293 4.0723211414014555
2.6036953926086426 4.096085626545591
2.635612726211548 4.142080097591955
2.6622226238250732 4.181498868114753
2.6912248134613037 3.917550807511467
2.727933883666992 3.7755202420120377
2.769784688949585 3.5328212984410943
2.8146920204162598 3.4087371981323527
2.8520078659057617 3.371615322609537
2.88147234916687 3.3741950416775097
2.9075026512145996 3.347245683320649
2.9387636184692383 3.1840403762750618
2.9756929874420166 3.0892846539663337
3.0241596698760986 3.1229565130096053
3.0752406120300293 3.0784691311596224
3.1181750297546387 3.096154522551508
3.1510419845581055 3.025585240949147
3.187006711959839 2.9565912754477615
3.233274221420288 2.8899922048350866
3.282257318496704 2.8368625318684813
3.328481435775757 2.741966197739778
3.3748233318328857 2.5675406843354773
3.4201602935791016 2.4874923060797913
3.4538705348968506 2.598426896887962
3.4776194095611572 2.6184032722118245
3.500415325164795 2.545053267580664
3.530078172683716 2.3589311852712647
3.562993288040161 2.237481886586585
3.6000797748565674 2.1449925873858033
3.6438393592834473 2.0512662998975832
3.6949288845062256 1.9502281751291852
3.747229814529419 1.9067435350481154
3.8031094074249268 1.7524028529873197
3.8538732528686523 1.7716117221185375
3.90378737449646 1.6792298843443112
3.9596927165985107 1.642978097040139
4.022091388702393 1.6851675542462001
4.083065986633301 1.8866642044849238
4.137675762176514 2.0325107307575254
4.186923980712891 2.1312422317097175
4.229663848876953 2.268891972333058
4.265439033508301 2.385131059219949
4.309937477111816 2.3072818354665214
4.364925384521484 2.2178115374436382
4.424856662750244 2.3846857901897605
4.474592208862305 2.5167065414368417
4.514529228210449 2.5331402584815224
4.559321880340576 2.478520716760195
4.607929229736328 2.5703291492617444
4.653151988983154 2.6716389370717066
4.688464641571045 2.85944342402853
4.716667652130127 2.8310537102660858
4.747893810272217 2.7656365588309093
4.784267902374268 2.7367138929600303
4.820193290710449 2.726590887925274
4.857959270477295 2.7449349896025037
4.902510166168213 2.791596614409362
4.946327209472656 2.9656725327119395
4.98452615737915 3.173895365952625
5.015860557556152 3.3816260575044614
5.044457912445068 3.5737224813764303
5.074070453643799 3.6632015294884477
5.103894233703613 3.7084524210733325
5.140366554260254 3.8030415522503653
5.180166244506836 3.953191387018397
5.215524673461914 4.247944560806445
5.242273807525635 4.459285832669509
5.2661333084106445 4.598956306785974
5.298880577087402 4.536311308136787
5.340871810913086 4.681007445026679
5.389312744140625 4.899906444162751
5.448229789733887 5.1816843071902134
5.52021598815918 5.637527961448855
5.587482929229736 6.0150891943210025
5.637856960296631 6.38562870682178
5.6820807456970215 6.64707653652474
5.722476959228516 6.996299634630928
5.757815361022949 7.1832783008610575
5.794508934020996 7.237294451164765
5.844858169555664 7.342288994031929
5.911311149597168 7.544966781271017
5.982812404632568 7.926675559722147
6.045311450958252 8.249357037880038
6.103524208068848 8.479239150166658
6.175747871398926 8.705185032216239
6.243880271911621 9.092924576115323
6.296117305755615 9.416947233418497
6.339630126953125 9.565175662980382
6.3859148025512695 9.65946157100233
6.444552421569824 9.736895619327012
6.506690979003906 9.976895557455052
6.5664520263671875 10.228517559573305
6.625310897827148 10.50709386254077
6.680786609649658 10.78592963089479
6.726495265960693 11.071354597262479
6.76836633682251 11.20448016783496
6.813953876495361 11.386572032282333
6.871521949768066 11.52677247302623
6.9199442863464355 11.82740476423026
6.95390510559082 12.108650485941794
6.987465858459473 12.205410893018492
7.029477119445801 12.149098524846384
7.076294898986816 12.249824691485774
7.1131062507629395 12.3395053680832
7.154612064361572 12.378499562751022
7.206725120544434 12.324382082968615
7.268743515014648 12.382812976195574
7.330833435058594 12.514387930657307
7.392763614654541 12.583602903374448
7.444885730743408 12.763986414124004
7.487898349761963 12.8954556816231
7.527409553527832 12.88186764066842
7.581928253173828 12.740218721373713
7.647511959075928 12.639818519398583
7.71933650970459 12.745916732537538
7.783667087554932 12.800290025240496
7.845261573791504 12.785455505799229
7.909862995147705 12.835088841263214
7.970405578613281 12.892254496319788
8.028331756591797 12.848586477317935
8.091544151306152 12.81686048574694
8.147760391235352 12.96364884037046
8.197248458862305 13.056783587516485
8.240632057189941 13.06088917655342
8.27737045288086 13.166774663300421
8.310931205749512 13.143043180293805
8.35362434387207 12.965507082252847
8.410423278808594 12.903141224120889
8.46733570098877 12.98165362887635
8.503058433532715 13.202194736684636
8.526726722717285 13.407131818672406
8.548908233642578 13.422155246708645
8.576932907104492 13.098596767729529
8.61951732635498 12.885841842694141
8.67087173461914 12.848651298119101
8.721654891967773 12.924583683569498
8.763481140136719 13.004832352414711
8.795950889587402 13.076201868367676
8.831269264221191 13.017903453256364
8.872074127197266 12.91831506163699
8.912395477294922 12.951872704843217
8.951397895812988 12.943588233749459
8.992085456848145 12.830493850772271
9.043896675109863 12.756468202818992
9.096076965332031 12.749397170283315
9.150626182556152 12.867047887855733
9.191901206970215 13.021457929806493
9.223217010498047 13.04208536766432
9.257261276245117 13.018272565441517
9.294923782348633 12.95617894907627
9.33167839050293 12.990326827371222
9.366219520568848 12.982317753975744
9.408503532409668 12.878839480021531
9.455312728881836 12.831366295053758
9.500417709350586 12.879077189442073
9.542803764343262 12.805382258658486
9.584793090820312 12.74964149256071
9.632984161376953 12.704038911355108
9.686684608459473 12.643776431151986
9.743842124938965 12.582191898937987
9.798970222473145 12.571983125972155
9.852312088012695 12.572871441770177
9.920968055725098 12.378813656177657
9.990642547607422 12.326274487494935
10.053754806518555 12.311706368215853
10.111048698425293 12.265957523526541
10.168172836303711 12.091800824039648
10.245647430419922 11.86003769963511
10.329340934753418 11.679912397497446
