1.0784813165664673 8.627396104336569
1.1628323793411255 8.268585188646579
1.223494052886963 8.115152008240047
1.2783939838409424 8.116798575584397
1.3377022743225098 8.103917251543375
1.4040272235870361 8.153167726476648
1.4659101963043213 8.082384661977049
1.5266163349151611 8.070120647328492
1.5885199308395386 7.946008241518708
1.6523703336715698 7.5291495458615545
1.7250674962997437 7.103615214841954
1.7888333797454834 6.800509561274408
1.843801498413086 6.694592789221545
1.9027515649795532 6.4153955707991495
1.9620254039764404 6.264173491746106
2.0178725719451904 6.162625259043351
2.0712411403656006 5.958125297543695
2.122584819793701 5.78695659397985
2.1689388751983643 5.627316048005011
2.211743116378784 5.462931336649417
2.253685712814331 5.29055041291436
2.2973437309265137 5.095990637722751
2.342435121536255 4.854586973343818
2.387002944946289 4.63922133139543
2.434737205505371 4.360491095142951
2.481829881668091 4.2719723694952885
2.5267093181610107 4.1466623465420165
2.5675220489501953 4.0284800660537154
2.610795021057129 3.8241198902641815
2.657660722732544 3.6628914177767697
2.709306478500366 3.5288779088006828
2.762521982192993 3.3702897356508643
2.815304756164551 3.1199578019191843
2.8687713146209717 2.954511707964405
2.9169225692749023 2.782903656737586
2.9624874591827393 2.7591995612948366
3.0022263526916504 2.7466727926808705
3.0404927730560303 2.705973828691199
3.074587821960449 2.626433477439306
3.1078529357910156 2.4657880028034818
3.1427037715911865 2.396246111436639
3.175811767578125 2.2976339857474275
3.20831036567688 2.159592753687829
3.2411179542541504 2.0469116832543395
3.271885871887207 1.983068051490104
3.3025612831115723 1.9388382653983816
3.3319475650787354 1.8169432352638601
3.3632826805114746 1.7448958158879861
3.394784927368164 1.7235297300991232
3.4246342182159424 1.7574185163399483
3.4547293186187744 1.748942727945111
3.482508420944214 1.7747311975815316
3.5095529556274414 1.7879616147678796
3.5353457927703857 1.8179053271983874
3.5609183311462402 1.8563213841461312
3.585235118865967 1.941548589440905
3.6098744869232178 1.9584676549229423
3.636826753616333 2.018106857703026
3.6659045219421387 2.058019549828035
3.69659686088562 2.145405295308587
3.7283198833465576 2.2326567621545004
3.7602102756500244 2.365594634442816
3.7904889583587646 2.5103913643067233
3.819657802581787 2.60852647786928
3.8495757579803467 2.7761856503755995
3.880697011947632 2.871613697483693
3.914915084838867 3.0029839354157017
3.9521660804748535 3.1878389310263344
3.9942235946655273 3.4187537941831514
4.037397384643555 3.576439080232011
4.080449104309082 3.8750140243976374
4.123110771179199 4.106247409739744
4.163178443908691 4.350416510374884
4.201318740844727 4.54604781875339
4.239563465118408 4.783027723602258
4.280965328216553 4.949431293306205
4.3250908851623535 5.219912344703874
4.371148586273193 5.558034507964242
4.417209148406982 5.86983667016715
4.462509632110596 6.261946186465744
4.512225151062012 6.63985800652286
4.561033725738525 6.973052155705475
4.608898162841797 7.273045732235627
4.660325527191162 7.613056512766118
4.708855152130127 7.959259601320634
4.759799003601074 8.3560289140927
4.810603141784668 8.70235115193268
4.863014221191406 8.990924151895992
4.917105674743652 9.32668978953231
4.967535972595215 9.774733164464356
5.011892795562744 10.13580741961676
5.059694290161133 10.468627797683224
5.1089935302734375 10.747343403411953
5.165210723876953 11.105404949630922
5.225674152374268 11.516431381487573
5.288865566253662 11.921236535711984
5.350757122039795 12.355528345693974
5.421259880065918 12.827544643084373
5.492126941680908 13.272126010681028
5.559165954589844 13.749532138787076
5.623081207275391 14.089701998296615
5.6840338706970215 14.367640151084586
5.73863410949707 14.72237132763404
5.788049221038818 14.908901516866287
5.837622165679932 15.177189572905682
5.8835248947143555 15.449683683832209
5.923638343811035 15.735596708507298
5.959182262420654 16.01367125774847
5.989590644836426 16.17088499572662
6.019428730010986 16.30034992457113
6.049777507781982 16.525701382511645
6.080116271972656 16.538285417413693
6.1117048263549805 16.76213345387819
6.149946212768555 16.740308859706584
6.191800594329834 16.890495383261793
6.236608028411865 17.078121391324537
6.287961006164551 17.20617804913175
6.344048976898193 17.485259883369693
6.398623466491699 17.760985290753073
6.453007221221924 18.02319397472053
6.500907897949219 18.229621572178054
6.548725605010986 18.465112781539286
6.595117092132568 18.539637842785645
6.648455619812012 18.61890650464668
6.713529109954834 18.72944285499309
6.781062602996826 18.96737926662058
6.85149621963501 19.25321934207322
6.920388221740723 19.44315369465446
6.998384475708008 19.579131853185917
7.076031684875488 19.886836505748555
7.147103309631348 20.05732400659546
7.216347694396973 20.135690573083682
7.2797393798828125 20.293070869635656
7.3413777351379395 20.43317644920014
7.402742862701416 20.439645329017562
7.46901273727417 20.4994716939315
7.528753280639648 20.515614021103442
7.591568470001221 20.533338691015835
7.653016567230225 20.60945659636597
7.709568023681641 20.664538285847872
7.769359588623047 20.677439372234883
7.829196929931641 20.755851565675062
7.880178451538086 20.764278690706508
7.932697772979736 20.817043854961803
7.9903483390808105 20.76922183905809
8.050540924072266 20.74954015906768
8.112982749938965 20.709781608753918
8.177877426147461 20.742777999300902
8.237421035766602 20.7992507450283
8.296333312988281 20.808916032286366
8.351967811584473 20.756048176692122
8.410024642944336 20.790268968115623
8.469066619873047 20.697980411524377
8.533797264099121 20.68117454516188
8.59263801574707 20.601491468034755
8.653797149658203 20.572706702953347
8.711920738220215 20.636099594732286
8.764989852905273 20.5392610304875
8.819193840026855 20.532930452790396
8.872614860534668 20.44404152607931
8.928421020507812 20.411860019522532
8.985389709472656 20.382672993952
9.042160034179688 20.307747564952713
9.09788990020752 20.284694735390058
9.150324821472168 20.264651342155222
9.202535629272461 20.20028407527952
9.253464698791504 20.180340770062788
9.303953170776367 20.089004649046593
9.35413932800293 20.11247337175238
9.40500259399414 19.97587497559596
9.453609466552734 20.060912399797598
9.501599311828613 19.96849341939712
9.551576614379883 19.986645807856924
9.601168632507324 19.901333354163278
9.647860527038574 19.83910674891488
9.698612213134766 19.846697832206047
9.750030517578125 19.845858119079487
9.800687789916992 19.797664394513117
9.851444244384766 19.70550303886517
9.90468692779541 19.70814990833518
9.953653335571289 19.6787856300979
10.002697944641113 19.6548041659872
10.059252738952637 19.448373203443424
10.120208740234375 19.398189850783492
10.183186531066895 19.32530990220212
10.244406700134277 19.24334672153944
10.297454833984375 19.180136078330843
10.36008071899414 19.079950072221333
