1.045814037322998 10.140975864364378
1.1595581769943237 9.151493352458397
1.2436647415161133 8.608372094988653
1.3162120580673218 8.337087904627426
1.388771414756775 8.110336375152174
1.4566333293914795 7.977044416254012
1.5355710983276367 7.937711349365157
1.6171597242355347 7.7625358520843
1.6912461519241333 7.4333240393405395
1.7592663764953613 6.983870496347139
1.8283562660217285 6.720379237913118
1.890880823135376 6.534833205823732
1.951123595237732 6.286077652197493
2.012024402618408 6.111191882977481
2.079977035522461 5.784547968465586
2.1485705375671387 5.6381086411778405
2.2058451175689697 5.473355795468887
2.252715826034546 5.393150916497976
2.298417091369629 5.182839348102422
2.3453457355499268 4.948823823144178
2.391343116760254 4.799428525708649
2.4335203170776367 4.640977141581412
2.4728987216949463 4.6323492487160225
2.5070343017578125 4.538237273585033
2.5404739379882812 4.451115048277816
2.575538158416748 4.250562158218274
2.613114356994629 4.074542946390925
2.6565473079681396 3.936085599365875
2.7034966945648193 3.8911761679217087
2.7426745891571045 3.8432739079815526
2.7755837440490723 3.886703067518809
2.805924654006958 3.7963570725209594
2.837552309036255 3.509943015751851
2.8795289993286133 3.2364435693955884
2.9248597621917725 3.024637202441528
2.9663257598876953 2.9260269772046117
3.0032424926757812 2.820725308594689
3.0417869091033936 2.6593515753724923
3.081183433532715 2.6645063994835048
3.1172144412994385 2.588236319926479
3.1558570861816406 2.4634776855050484
3.1949429512023926 2.3295432480965315
3.2359187602996826 2.175605421445852
3.275669574737549 1.9995904601082515
3.3175411224365234 1.8312769035580099
3.3572986125946045 1.766799178284749
3.3940200805664062 1.6761641713172475
3.431008815765381 1.6123260018021692
3.467907667160034 1.5776159935883547
3.504564046859741 1.6004265575442704
3.5407631397247314 1.6380723369237684
3.577509641647339 1.6188015515690186
3.617607355117798 1.6207594053139476
3.6612417697906494 1.7322414510306887
3.7018423080444336 1.904984802183141
3.7371299266815186 2.068709839005556
3.7700016498565674 2.2505359711904362
3.7990121841430664 2.4270173454228106
3.82381272315979 2.5204594402069866
3.850346803665161 2.570417464868327
3.879469156265259 2.5934977990035173
3.9130351543426514 2.6004323188463094
3.9470536708831787 2.7399706392444276
3.9787421226501465 2.917463594303853
4.007724761962891 3.071518733311452
4.03847074508667 3.107033999793662
4.07663106918335 3.1891160432228283
4.123242378234863 3.353864638122034
4.169804573059082 3.5146800510413847
4.215202331542969 3.731034970971353
4.26223087310791 4.022850276802013
4.303768157958984 4.361039590136265
4.3422322273254395 4.685166846361788
4.375330448150635 5.052903272443572
4.408820152282715 5.166393129809239
4.444027423858643 5.42043033080371
4.478074073791504 5.730094405065872
4.505856990814209 5.982189542924008
4.537037372589111 6.075752268943114
4.57297420501709 6.225984098982333
4.612182140350342 6.415202167070289
4.652417182922363 6.740065591538974
4.692034721374512 6.951972607082467
4.7378153800964355 7.251954134232424
4.781808376312256 7.645940263908064
4.826650142669678 8.046738442601045
4.8661932945251465 8.350298310380815
4.90948486328125 8.541555188414467
4.950029373168945 8.77343770901304
4.99334192276001 9.087187940262403
5.031691074371338 9.261291411509854
5.073224067687988 9.52737394968645
5.120669364929199 9.829262984339794
5.168890476226807 10.085027653970771
5.21120548248291 10.321258627941571
5.248342990875244 10.642629891659782
5.289076328277588 10.756320145329557
5.343291282653809 11.006315700767667
5.423546314239502 11.431841635473356
5.522075176239014 11.930557113628742
5.616448879241943 12.395979824939635
5.6872334480285645 12.87538283632464
5.747318744659424 13.074806537696547
5.80795431137085 13.31381712824023
5.870377063751221 13.584918501213567
5.938388824462891 13.78903817627817
5.999428749084473 14.045586961087915
6.066015720367432 14.325199455474005
6.126883029937744 14.703625815514915
6.1809844970703125 14.946529729853552
6.233721733093262 15.066786634050883
6.291431427001953 15.364004568177359
6.347618579864502 15.552032606876393
6.417602062225342 15.823813305987263
6.479573726654053 16.083176472140917
6.535615921020508 16.328296500123322
6.590108871459961 16.50421868706905
6.642536163330078 16.631391034788656
6.703819274902344 16.79231903560954
6.766567230224609 16.93263537365002
6.821252822875977 17.09111450440063
6.877441883087158 17.171260349839425
6.931647300720215 17.20742995293883
6.9897050857543945 17.213321595168026
7.040320873260498 17.393696433816437
7.090264797210693 17.45628397641199
7.144333362579346 17.332625233247224
7.207927703857422 17.44568548255069
7.278745651245117 17.401826801683665
7.353605270385742 17.56172611162472
7.420943737030029 17.722184184100445
7.479391574859619 17.80670003236459
7.549961566925049 17.777422617068286
7.616013050079346 17.825284592811933
7.674698829650879 17.950594592400893
7.733604431152344 17.834378077776517
7.803156852722168 17.823570935104264
7.879324436187744 17.692162198177616
7.949000358581543 17.729631590412424
8.015268325805664 17.818136101148035
8.072928428649902 17.798527547132547
8.128884315490723 17.7584538310742
8.1820068359375 17.854533983232763
8.225885391235352 17.804413173788987
8.274567604064941 17.780587623990453
8.328585624694824 17.645628538552188
8.385625839233398 17.590309099569374
8.438974380493164 17.600608273968593
8.487894058227539 17.549228859341714
8.534589767456055 17.58635596175753
8.575167655944824 17.616253243277562
8.614333152770996 17.572887236588404
8.65984058380127 17.424587848730134
8.710693359375 17.36692301036205
8.758596420288086 17.38339226937788
8.804616928100586 17.377411899694515
8.851533889770508 17.27480330843602
8.8978910446167 17.2911935436839
8.940956115722656 17.270824501852026
8.9764404296875 17.342913868371355
9.006765365600586 17.441943943753202
9.03883171081543 17.279593041747003
9.081085205078125 17.151899139145613
9.129505157470703 17.082450664922852
9.182295799255371 17.073176024035313
9.233142852783203 16.999419908790166
9.29069709777832 16.945432872132965
9.342375755310059 16.918266878400594
9.393339157104492 16.920294687279732
9.4461669921875 16.87213597935447
9.503561019897461 16.852840075612352
9.556674003601074 16.879407590676212
9.612598419189453 16.788551564047978
9.673904418945312 16.700477833489774
9.738537788391113 16.733930724758142
9.801237106323242 16.679114598426903
9.861848831176758 16.662672650125142
9.914016723632812 16.69235073857591
9.96730899810791 16.628103868710287
10.021486282348633 16.529954148401327
10.075160026550293 16.56352382298588
10.126321792602539 16.447409156025692
10.18612003326416 16.270290716506768
10.249065399169922 16.10314146283613
10.316656112670898 16.071718276881583
10.379949569702148 15.983479971969022
10.443787574768066 15.854400429264611
10.508671760559082 15.597605911132645
