1.5486462116241455 6.415808427498558
1.6915563344955444 5.4175752118157146
1.7567566633224487 4.927757252051654
1.8115988969802856 4.634806592337788
1.85840904712677 4.2903077809334365
1.9021023511886597 4.087764527103505
1.9380543231964111 3.726379145910344
1.974899172782898 3.479438476857899
2.007225513458252 3.234740903527131
2.0373990535736084 3.13462169860348
2.066107988357544 3.036530084117848
2.096444606781006 2.9362085455770632
2.1300787925720215 2.8198169365554335
2.164032459259033 2.6977189594725806
2.2009193897247314 2.5970429857709303
2.2356057167053223 2.5247805918401482
2.267914295196533 2.5201289639602904
2.303887128829956 2.504057239662904
2.3378467559814453 2.519847209043207
2.37211012840271 2.53457141154593
2.4071059226989746 2.434469107982787
2.442540407180786 2.317733183856207
2.480515718460083 2.330001731236008
2.5157995223999023 2.256068421311678
2.5486440658569336 2.2284725589693353
2.5810818672180176 2.2142936915251803
2.611687183380127 2.137530006046442
2.643482208251953 2.0423960536164847
2.6745693683624268 1.8472125650116575
2.705867290496826 1.7896618581841692
2.7374649047851562 1.7799951199889659
2.769914388656616 1.8131960538210312
2.8012940883636475 1.8881071122930908
2.8325304985046387 1.9091884974936548
2.865095376968384 1.946414970548817
2.8998472690582275 1.921508082521266
2.9340877532958984 1.8685925214895034
2.969939947128296 1.8496075909743936
3.004910707473755 1.9580483294363744
3.0412368774414062 1.9925198687226684
3.077502965927124 2.113643226185976
3.1172430515289307 2.2732154484358325
3.1648385524749756 2.4563657694203127
3.212747812271118 2.554034107854113
3.260500907897949 2.6227986752435024
3.3045899868011475 2.7791557773045708
3.349630832672119 2.8981423582413686
3.3946080207824707 2.894573641714044
3.4395570755004883 2.95047244671565
3.4864468574523926 2.9179248878092188
3.534733533859253 3.030327424320407
3.5813148021698 3.2371129593703807
3.6304445266723633 3.4891028890639055
3.6782383918762207 3.646373801890361
3.7230751514434814 3.7888069301549545
3.7679803371429443 3.9055419509367937
3.812194347381592 3.9378422902238035
3.85412335395813 3.9691679438030056
3.892580986022949 3.951998473401327
3.9324605464935303 4.012892135736741
3.972189426422119 4.2279008407456
4.0102152824401855 4.348553601606074
4.045660972595215 4.3528958610106185
4.081306457519531 4.398308222668654
4.117469310760498 4.5536661171238135
4.157266139984131 4.710104021748708
4.203563213348389 4.876322346476332
4.24578332901001 5.037542701191618
4.285284042358398 5.2634959879594785
4.323564052581787 5.572328754899588
4.358921051025391 5.923283863158002
4.390971660614014 6.078863280387308
4.420106887817383 6.137204626545496
4.447454929351807 6.1611352359577065
4.478357791900635 6.183556010594872
4.510176181793213 6.334987193188981
4.54567813873291 6.639390955325022
4.586248397827148 6.928015266568587
4.626402378082275 7.226988179421995
4.669400215148926 7.610646566367515
4.711470603942871 8.007838634379747
4.760843753814697 8.328911814976216
4.816094398498535 8.54299815548011
4.876379489898682 8.85379350585243
4.940017223358154 9.099142494860201
4.994175910949707 9.163777982627328
5.048717498779297 9.328276571442945
5.1081414222717285 9.518831051182572
5.173569202423096 9.889094158227842
5.238207817077637 10.282881022061963
5.31235408782959 10.783136484034738
5.383168697357178 11.16060749381312
5.454034805297852 11.6373511108721
5.512447357177734 11.908346183256048
5.570176124572754 11.999659353566514
5.627946853637695 12.080494879022142
5.6851701736450195 12.279994768231326
5.739284515380859 12.379946431808062
5.791043758392334 12.520714019067034
5.852833271026611 12.537805170988637
5.904347896575928 12.575291756483626
5.952908039093018 12.705276047406315
6.0071539878845215 12.964314220978615
6.075546741485596 13.33762349128288
6.145051956176758 13.553572886044961
6.216984748840332 13.60421693128996
6.290644645690918 13.719889495380269
6.36073112487793 13.807695017658352
6.426884174346924 13.870094539362345
6.496582984924316 13.89969249491815
6.562540531158447 13.904986583719676
6.629091262817383 13.859776276147795
6.6966423988342285 13.903872359460111
6.758991241455078 14.00873247458972
6.808758735656738 14.075781687028968
6.853517532348633 14.225888724130012
6.894998550415039 14.320113939269744
6.936124324798584 14.2604079346212
6.980069160461426 14.238776251069753
7.02708101272583 14.176438237146877
7.077704906463623 14.2292423481084
7.128073692321777 14.252031552742958
7.178677558898926 14.266261433047033
7.223241806030273 14.35119472838593
7.265047073364258 14.324986709137464
7.311552047729492 14.265679710461772
7.363010406494141 14.222555655235382
7.413626194000244 14.239275671855985
7.466760158538818 14.1482855777192
7.51624870300293 14.150372110577033
7.562633514404297 14.246460598148511
7.602380752563477 14.219715410644655
7.635213851928711 14.284694384875484
7.670663833618164 14.305506753561136
7.705996036529541 14.276927297147425
7.742440223693848 14.332739416759164
7.785710334777832 14.30285638204844
7.836152076721191 14.273430980285251
7.891340255737305 14.256935132325193
7.9465413093566895 14.28482200308562
7.999121189117432 14.311228853149519
8.0509614944458 14.313986439941512
8.105255126953125 14.380906303752512
8.155404090881348 14.440088734496488
8.202361106872559 14.4733461006555
8.246905326843262 14.466567094930763
8.289112091064453 14.511755752301369
8.328076362609863 14.5045656281586
8.368001937866211 14.53738304674305
8.411972045898438 14.436696680194508
8.458527565002441 14.428459935857756
8.506535530090332 14.348547909792368
8.560315132141113 14.32125592813013
8.611701965332031 14.332102667695654
8.659689903259277 14.376983184683095
8.709685325622559 14.373399619349648
8.754076957702637 14.444543184586719
8.797880172729492 14.460969154354856
8.840085983276367 14.477708619937252
8.885952949523926 14.48411216211856
8.925230026245117 14.511452806492198
8.964323997497559 14.472740871938209
9.00024700164795 14.518578187472269
9.035870552062988 14.530804340196738
9.071667671203613 14.449281890824407
9.114343643188477 14.396909213228687
9.158079147338867 14.275598012125625
9.208695411682129 14.218691548673695
9.25976848602295 14.184538498384779
9.312419891357422 14.150662758084541
9.367469787597656 14.114295707242189
9.418533325195312 14.163701175468267
9.464805603027344 14.191342630560591
9.508196830749512 14.124251700850788
9.551338195800781 14.182297763836218
9.595184326171875 14.171131034981329
9.634425163269043 14.17538131053292
9.673579216003418 14.085858223351098
9.717318534851074 14.00678738768871
9.76172161102295 13.982770642648488
9.810423851013184 13.824897536318888
9.866055488586426 13.800757303820255
9.926725387573242 13.610830147822798
9.99485969543457 13.535007521592012
10.053533554077148 13.501607992154183
10.117219924926758 13.490377652892315
10.174225807189941 13.470856839281764
10.23323917388916 13.354756636162895
