1.6487929821014404 9.004276796445053
1.7128716707229614 8.286827238017082
1.7752035856246948 8.035191269819977
1.8390328884124756 7.920878793857587
1.9159835577011108 7.648568335224869
1.9802640676498413 7.41152334457952
2.039628744125366 6.968889121971568
2.0928921699523926 6.595908874086734
2.1388370990753174 6.402887917877548
2.17683482170105 6.217165568015253
2.211449146270752 6.014894702406076
2.2424075603485107 5.808579444988514
2.27771258354187 5.692355388098849
2.3187038898468018 5.510529016314638
2.366201162338257 5.354421056583219
2.412705183029175 5.114788617927871
2.454744815826416 4.950912518227147
2.4926137924194336 4.8214514863882005
2.5286598205566406 4.74336170227893
2.562769651412964 4.598785549136217
2.599822759628296 4.4270203491871944
2.6424925327301025 4.30012502756709
2.685154438018799 4.097083749726765
2.726139783859253 3.887337218240216
2.7641441822052 3.775069785827777
2.8001677989959717 3.6299404172738834
2.836505651473999 3.532430864573722
2.872075319290161 3.5025325397111415
2.9045193195343018 3.492906149903911
2.9360039234161377 3.5194964663740724
2.971118927001953 3.497260934407144
3.0123000144958496 3.4837444994063564
3.057837963104248 3.4949377018720496
3.110408067703247 3.2097070170030095
3.1663944721221924 3.084383070630739
3.2236506938934326 3.1356112735991557
3.2781920433044434 3.2219679676805293
3.3345296382904053 3.1111522754497374
3.3808765411376953 2.9812973525149706
3.4199540615081787 2.9714244521730264
3.4554383754730225 2.994896179600593
3.4861631393432617 2.8652390942696147
3.522763967514038 2.741637381219619
3.5605852603912354 2.6698991387062083
3.6011016368865967 2.51944456188082
3.643710136413574 2.441265288237595
3.685760021209717 2.343105906518749
3.7285099029541016 2.2532229422629393
3.7693734169006348 2.1985635864086506
3.8062744140625 2.206335714912934
3.843343734741211 2.146847641125391
3.882063627243042 2.0482331156498206
3.9170615673065186 2.001201823751191
3.9498391151428223 1.988497252115441
3.9821202754974365 1.9708635675121584
4.016291618347168 1.9666009177669201
4.050161361694336 2.011122533523477
4.08198881149292 2.085175651299042
4.113277435302734 2.0909889055693776
4.148017406463623 2.040941103028236
4.184091091156006 1.9836139065351392
4.220752716064453 1.9523467131876378
4.25588321685791 1.994959055686354
4.291930675506592 2.0048996134433392
4.329187393188477 2.0259277245513996
4.3694868087768555 2.1443431559096546
4.409712791442871 2.160512096115304
4.447777271270752 2.2639954432217184
4.4836955070495605 2.2728074866297012
4.521296501159668 2.348860490366018
4.554306507110596 2.4438368468781686
4.585820198059082 2.4523978610450725
4.618894100189209 2.4438727399868103
4.652375221252441 2.5085861153226827
4.685037136077881 2.6168038519869423
4.715921401977539 2.6677484964635036
4.747461795806885 2.7351774005813327
4.779742240905762 2.8218670260049876
4.811352252960205 2.9076289247734874
4.842838287353516 3.066446663619129
4.8709492683410645 3.1971606304873728
4.896323204040527 3.34724750171248
4.919994831085205 3.419556428919827
4.94373083114624 3.5415611882325666
4.966681480407715 3.622354069808997
4.991881847381592 3.652414091246216
5.021800518035889 3.653283401984705
5.05399227142334 3.86683572285462
5.085551738739014 3.934143871078851
5.120833873748779 4.152016242104436
5.15773344039917 4.332361716345426
5.2000956535339355 4.514508873829972
5.248813629150391 4.865373509185512
5.296436309814453 5.169121567631131
5.342036724090576 5.448359044941526
5.385602951049805 5.777631869668418
5.427402973175049 6.0259459721731465
5.470501899719238 6.380779720566455
5.509542465209961 6.567866362400685
5.546115398406982 6.868114886649339
5.588386058807373 6.977116833071638
5.63951301574707 7.295729708071065
5.695736408233643 7.644274328243109
5.750606060028076 7.96820634321385
5.808815956115723 8.246208708659587
5.870882511138916 8.577525718633188
5.927914619445801 8.790759677798967
5.976785659790039 9.079879868058121
6.020991325378418 9.323701060135027
6.061460018157959 9.50330419194716
6.104222297668457 9.69601284829841
6.147100925445557 9.81148913528596
6.196917533874512 10.009226563829387
6.243221282958984 10.240952528395464
6.289593696594238 10.519353737200191
6.336909294128418 10.832219128711072
6.382555961608887 11.066295316435022
6.43225622177124 11.325771202547523
6.477930545806885 11.576400348522403
6.520446300506592 11.82042902380836
6.56577730178833 12.100733253381412
6.619505882263184 12.343395181760355
6.6794328689575195 12.632776164364836
6.744447708129883 13.133334118811831
6.82386589050293 13.564031645515849
6.90031099319458 13.904593893864037
6.9869384765625 14.079435522467515
7.077399253845215 14.254823444092844
7.165637493133545 14.529053679413588
7.237340927124023 14.61334096852232
7.301360130310059 14.839360144490126
7.366526126861572 14.815385083266873
7.4300665855407715 14.947075168261383
7.485207557678223 15.111789620271853
7.5349321365356445 15.19377846223311
7.58562707901001 15.23718359221153
7.634346961975098 15.318739893332985
7.682333469390869 15.467096617974848
7.726266384124756 15.478961286621006
7.772780418395996 15.38302279573926
7.828063011169434 15.425326215414792
7.879127502441406 15.502459912634352
7.927352428436279 15.527329025496595
7.97038459777832 15.564548593282462
8.008981704711914 15.628026392424527
8.046724319458008 15.698337953172576
8.081879615783691 15.739530751231682
8.116053581237793 15.726640409316918
8.149765968322754 15.796078731593104
8.18387222290039 15.71725595754692
8.22214126586914 15.721125378257947
8.262641906738281 15.680457978456102
8.305885314941406 15.666352284489738
8.352531433105469 15.63524241678896
8.39924144744873 15.606224034117803
8.449028015136719 15.64629713991117
8.497989654541016 15.73848225091106
8.546069145202637 15.746255214302643
8.598299026489258 15.762823881365087
8.643857955932617 15.833214456712772
8.687273025512695 15.831609598734442
8.729702949523926 15.94968916293982
8.772185325622559 15.989018496790676
8.811552047729492 16.0803600957989
8.847232818603516 16.080338172069766
8.882460594177246 16.109690289812903
8.917981147766113 16.158880819354216
8.953389167785645 16.157488603094258
8.987849235534668 16.171110508931882
9.025261878967285 16.161154890133574
9.066960334777832 16.22082805100901
9.114051818847656 16.197320813322012
9.161478042602539 16.123621533650173
9.213542938232422 16.10080551503748
9.267935752868652 16.09382458964811
9.327020645141602 16.061715690500307
9.390035629272461 16.061766199932723
9.4508056640625 16.093156208376474
9.517084121704102 16.102544046994957
9.582170486450195 16.0083240227137
9.64488697052002 16.05334294476783
9.706110954284668 16.020185023986844
9.76726245880127 16.02308144061889
9.824261665344238 16.030224236676002
9.881129264831543 15.94834692359552
9.93846607208252 15.872976778426974
10.001317024230957 15.767625649447771
10.0715913772583 15.661768295629143
