1.2778452634811401 15.219750421408536
1.4521546363830566 13.858561395334082
1.5554503202438354 13.297221530329992
1.637174129486084 12.573213813045472
1.7223310470581055 12.222099070197315
1.7946434020996094 11.698648847889473
1.869027853012085 11.334490768932561
1.9387423992156982 11.020906347422596
1.9906370639801025 10.970079775663804
2.039443016052246 10.683845652746527
2.0908074378967285 10.535633082523248
2.1475729942321777 10.399522594475131
2.2103466987609863 10.093957199407054
2.270033121109009 9.922012183670105
2.3273606300354004 9.510235132533467
2.37800669670105 9.03622093086472
2.41884446144104 8.766127562037516
2.4549343585968018 8.509172876783595
2.4942610263824463 8.359385818875863
2.5349740982055664 8.362836431710196
2.5842700004577637 8.295985024876225
2.6522560119628906 8.117845756158593
2.7447867393493652 7.408743155123338
2.8177480697631836 6.639928123129386
2.8764219284057617 6.043531858143529
2.929316997528076 5.55447388753835
2.973891496658325 5.073204036849818
3.0137057304382324 4.648683666628922
3.0512945652008057 4.430908781725136
3.0841355323791504 4.2956912675732175
3.1141889095306396 4.150950598727094
3.1428656578063965 4.045914018663354
3.171755313873291 3.870391236356521
3.199120044708252 3.730275650499622
3.2243833541870117 3.6387264364786844
3.2488129138946533 3.507964193799178
3.273338794708252 3.408098517401773
3.2980659008026123 3.315237112509864
3.3209338188171387 3.250642993252514
3.343576431274414 3.215123977173937
3.3660507202148438 3.232598091091951
3.3892295360565186 3.1149403036038588
3.4145448207855225 3.082127811784364
3.4421944618225098 2.9872981196470474
3.4705793857574463 2.9904373716756067
3.4996578693389893 2.9142785616056015
3.529791831970215 2.830008197978139
3.5616302490234375 2.7346494355305717
3.600666046142578 2.679680612550041
3.645817756652832 2.604170355435553
3.698873519897461 2.5823581170611765
3.7481625080108643 2.4877998116501767
3.792231321334839 2.482808973439414
3.8321073055267334 2.400781486283758
3.878262758255005 2.1860370544864347
3.9245870113372803 1.9490938864565464
3.966783285140991 1.8489927404902096
4.001856803894043 1.7497083685367307
4.032144069671631 1.6823537561214084
4.060793399810791 1.6415613949732426
4.088463306427002 1.6332511648352162
4.11627721786499 1.6462715254526499
4.145364284515381 1.7429174184055325
4.173194885253906 1.827000117642085
4.200236797332764 1.933836553129132
4.224767208099365 2.0766628966447467
4.246272087097168 2.14789696622621
4.266315460205078 2.171113060745305
4.288998126983643 2.126132598357309
4.31488561630249 2.070546700506665
4.343981742858887 2.0940436476685202
4.373688220977783 2.2090977740799826
4.401742935180664 2.32039245025492
4.428033351898193 2.497667218913001
4.450836658477783 2.6118255732502638
4.475793838500977 2.7560203585657947
4.500321865081787 2.873235374222631
4.529321193695068 3.088435111103107
4.560315132141113 3.303331395712366
4.593329429626465 3.5499852971660126
4.63038969039917 3.8375538870683874
4.668385982513428 4.310387428512734
4.7077178955078125 4.711003147371728
4.754196643829346 5.157969624906462
4.814213275909424 5.309742951848511
4.869757652282715 5.460668626352404
4.920497894287109 5.551547779477998
4.969212055206299 5.800521649686085
5.012024879455566 6.04757749177095
5.053430557250977 6.248598991571186
5.090609550476074 6.472730078457045
5.1262688636779785 6.715475566917107
5.160732746124268 6.903352876183141
5.195265293121338 7.199153334141133
5.2366790771484375 7.496111556469045
5.28299617767334 7.809664986965134
5.336583614349365 8.090453856703954
5.384607315063477 8.381801759408559
5.428213596343994 8.658370910549113
5.464951515197754 8.97101289438336
5.500724792480469 8.971599099792792
5.542830467224121 9.178178468063692
5.593379020690918 9.35806633461
5.647967338562012 9.652751908745625
5.703376293182373 10.060248846402835
5.757074356079102 10.414613237244945
5.807223796844482 10.825802061664222
5.862868309020996 11.186519674145144
5.92254114151001 11.476799509147025
5.984821796417236 11.83256977649461
6.04591178894043 12.079175378781919
6.113781929016113 12.309970361783126
6.185999393463135 12.589121253667159
6.258702754974365 13.017622592579276
6.332688331604004 13.27587759322311
6.413114070892334 13.818909549406662
6.480826377868652 14.127331711745128
6.552715301513672 14.365783728233346
6.624725341796875 14.441580341004675
6.7039079666137695 14.395704093128316
6.768986701965332 14.486715361295644
6.818336009979248 14.535862882918428
6.868387699127197 14.487254837010582
6.919427394866943 14.494401204634643
6.975421905517578 14.701315500378321
7.0275797843933105 14.78279745018351
7.084203243255615 14.982066537391761
7.1365556716918945 15.062901651304852
7.187872886657715 15.170483679014854
7.23892879486084 15.266422179906549
7.287318229675293 15.31121311435922
7.342310905456543 15.326528221954488
7.3925981521606445 15.358492234052433
7.440699577331543 15.358624156108284
7.489145278930664 15.2823892821179
7.537270545959473 15.314609283739728
7.585100173950195 15.328506602570153
7.634202003479004 15.309276182351605
7.679872989654541 15.365371041089693
7.726973533630371 15.352309953985571
7.779731273651123 15.3990192083394
7.832740306854248 15.421023896562467
7.882376194000244 15.522644877304804
7.929835319519043 15.68721155874576
7.971689224243164 15.624299792960812
8.013760566711426 15.731681090445608
8.05267333984375 15.7204710434355
8.088982582092285 15.69711534478871
8.128138542175293 15.744881103899552
8.165789604187012 15.797669411306138
8.205907821655273 15.709212672917234
8.244353294372559 15.802797401365373
8.285155296325684 15.67031703878176
8.324636459350586 15.80170873153507
8.367528915405273 15.835547660520726
8.410072326660156 15.786279947220773
8.449304580688477 15.846265820220394
8.486539840698242 15.791886985484748
8.529640197753906 15.778921800451112
8.571405410766602 15.786551710712885
8.612277030944824 15.7809928498639
8.647896766662598 15.828856120899632
8.686310768127441 15.771175118534778
8.727649688720703 15.715975612637838
8.770800590515137 15.64918034709811
8.81956672668457 15.621027975428499
8.864535331726074 15.650708538145095
8.906010627746582 15.690525608140437
8.944750785827637 15.688533882613427
8.989813804626465 15.586695412881058
9.036306381225586 15.604309968185401
9.081146240234375 15.544501960613909
9.124266624450684 15.542119204884608
9.169004440307617 15.500014275340803
9.223794937133789 15.3637601794574
9.280078887939453 15.309047800130324
9.335175514221191 15.337453693539397
9.390689849853516 15.26811124931966
9.441603660583496 15.268175390107382
9.491960525512695 15.220085232563553
9.542656898498535 15.18121789931998
9.595132827758789 15.198799428774677
9.644458770751953 15.147432092157464
9.69897174835205 14.978696217476706
9.762003898620605 14.92173519335606
9.828904151916504 14.841382215734253
9.894447326660156 14.832500202422306
9.956258773803711 14.71359800110918
