0.8696944713592529 5.437195291831526
0.9747175574302673 4.968761821621839
1.100806713104248 4.590598180968335
1.183584213256836 4.570534151070493
1.2543543577194214 4.3781948432756606
1.3264786005020142 4.263840663430674
1.3971208333969116 4.1615356976386115
1.4771748781204224 4.168860124282897
1.5576717853546143 3.9683194662115984
1.6246049404144287 3.637982124078616
1.6819019317626953 3.4470220782220897
1.7309361696243286 3.2730487240502604
1.7759480476379395 3.1089520003780704
1.8143856525421143 3.0340124333854144
1.8518646955490112 2.824235281190126
1.8869279623031616 2.8686416228375493
1.9189932346343994 2.747310887217293
1.9527127742767334 2.592778267473769
1.9862110614776611 2.503469619617342
2.021488666534424 2.3815735581613557
2.0560414791107178 2.2854434351232342
2.0898561477661133 2.2263354339766765
2.1224372386932373 2.133303691575523
2.1546452045440674 2.0818192154636326
2.1870429515838623 2.07024967536451
2.221717357635498 2.2106364200231163
2.2556276321411133 2.255977854935853
2.28910231590271 2.243876897497219
2.3269314765930176 2.3163279020299576
2.367506980895996 2.313836264853969
2.4128530025482178 2.363770166408548
2.469158172607422 2.476057715517696
2.539684534072876 2.2482032490526156
2.592988967895508 2.029036013610869
2.633660078048706 1.8862808259308492
2.670164108276367 1.8017589978179336
2.703861713409424 1.7939618483715272
2.7376580238342285 1.8766304416634445
2.770406723022461 2.0146942580786606
2.8057861328125 2.1549112157393746
2.842613935470581 2.304690462870298
2.8789920806884766 2.4176699631996503
2.9189438819885254 2.3909771503992925
2.9614551067352295 2.3281195188808113
3.002833127975464 2.3375666722497153
3.0428390502929688 2.314211875073193
3.0824193954467773 2.316303094228137
3.123286485671997 2.2716004373913523
3.1660869121551514 2.297697364822526
3.215052366256714 2.3247395284588084
3.2691171169281006 2.4029390989480457
3.3273003101348877 2.4973021740485604
3.3873047828674316 2.7297980553360484
3.445129632949829 2.884222471054269
3.4999160766601562 2.955868499100262
3.553943157196045 3.1007032472604354
3.606048345565796 3.1271053437796335
3.6559460163116455 3.1145588939574798
3.697444200515747 3.066289122701003
3.7364134788513184 3.059720737653896
3.7746753692626953 3.0838851906044367
3.81062388420105 3.1529972078531485
3.8456966876983643 3.280892233792781
3.8804383277893066 3.3553350594296547
3.9128971099853516 3.515455890014082
3.94494366645813 3.6465002747169026
3.979501485824585 3.7331955409347777
4.016901969909668 3.846374416741474
4.055807113647461 3.9969778527102338
4.095320701599121 4.120644267909076
4.13144063949585 4.218112283101964
4.167350769042969 4.346905443635338
4.203351974487305 4.481211341911455
4.238872051239014 4.676436374322111
4.274481296539307 4.908106470281803
4.312218189239502 5.209873754583223
4.349844932556152 5.535939268289356
4.394529342651367 5.888752752424849
4.4415178298950195 6.234078374051787
4.495452404022217 6.591451281007816
4.551691055297852 6.941874039553597
4.617641925811768 7.386117711875234
4.689456462860107 7.762897040020939
4.770327568054199 8.028159490917625
4.837338447570801 8.354914754629442
4.893787384033203 8.593802107305303
4.939043045043945 8.77141467409005
4.984261989593506 8.96789328610658
5.027405738830566 9.161411054029003
5.071929931640625 9.293072325439873
5.118690490722656 9.518131670297487
5.163283824920654 9.640823398767818
5.211751461029053 9.89497983443316
5.260517120361328 10.165273497991606
5.312922954559326 10.422935568004297
5.366039276123047 10.723512400434416
5.420559406280518 11.07765374255668
5.474603652954102 11.418170619405991
5.536958694458008 11.757679399104484
5.600357532501221 12.079012078427116
5.66879415512085 12.467264305358778
5.735417366027832 12.783235851440363
5.799222469329834 12.80384464929711
5.859879016876221 12.87671442989942
5.916128158569336 13.071405274643997
5.976419448852539 13.490747782908054
6.049319744110107 13.957777105117325
6.11653470993042 14.156593289099481
6.179611682891846 14.322729899667342
6.240001678466797 14.604109343948432
6.301368236541748 14.623733232417807
6.37118673324585 14.81993096784349
6.439395427703857 15.088365802949188
6.499454498291016 15.168520723332067
6.5633721351623535 15.243316651943553
6.625270843505859 15.360782505132512
6.686692714691162 15.525802762332988
6.7489776611328125 15.49596171328122
6.811051845550537 15.6262399800015
6.876204490661621 15.718206858981251
6.9346604347229 15.849003094113309
6.995114326477051 15.940328076195554
7.052459716796875 16.05420168878998
7.105968952178955 16.226812639734796
7.156097412109375 16.279410679350207
7.210140228271484 16.25628347071035
7.265590667724609 16.297953120255666
7.322114944458008 16.297873788505974
7.380105495452881 16.324036399958462
7.432982921600342 16.429979139177068
7.48418664932251 16.46961355222385
7.53490686416626 16.48642027218554
7.588779449462891 16.472591252916022
7.642597198486328 16.424168708163286
7.699003219604492 16.44452217885141
7.750865936279297 16.46197142505835
7.800323963165283 16.48887276526956
7.84592342376709 16.49660007649227
7.892303943634033 16.535056270909664
7.935089588165283 16.49918767488866
7.976457118988037 16.51418678698375
8.015735626220703 16.510340123560926
8.061823844909668 16.44771025164806
8.108138084411621 16.375274688995784
8.15909194946289 16.327661208386512
8.212874412536621 16.28268016092395
8.270259857177734 16.20914697978968
8.326987266540527 16.206900353600815
8.379270553588867 16.170517635042145
8.426592826843262 16.29852984051828
8.47038745880127 16.227656585631603
8.509201049804688 16.276896290937405
8.55008316040039 16.184742520031666
8.592884063720703 16.139154198758106
8.63895034790039 16.02026861488772
8.68647289276123 15.946414203351122
8.73577880859375 15.949027465162128
8.785027503967285 15.86499988432298
8.835488319396973 15.853519322246068
8.885777473449707 15.832796612520106
8.932501792907715 15.770781134890653
8.980762481689453 15.806059783576274
9.025568008422852 15.717950875620957
9.073660850524902 15.73202152273042
9.1215238571167 15.63749198997392
9.168990135192871 15.626331189850228
9.216492652893066 15.584438110538692
9.262813568115234 15.58843740389205
9.30825424194336 15.522595296794325
9.35465145111084 15.470461113025838
9.400955200195312 15.484139039988044
9.449800491333008 15.36261735548854
9.500466346740723 15.405712214799829
9.549080848693848 15.378922236543858
9.595235824584961 15.37392169727235
9.637406349182129 15.286337055342889
9.68584156036377 15.25655479110566
9.733929634094238 15.269344232461716
9.781922340393066 15.196605460041694
9.830920219421387 15.09304384983362
9.883996963500977 15.008342350629365
9.938586235046387 14.984049207167084
9.996254920959473 14.919702047143959
10.055192947387695 14.85128977060738
10.114282608032227 14.836997350450527
10.164305686950684 14.899592891041797
10.211710929870605 14.796992415592527
10.264161109924316 14.718352804135886
