1.1081339120864868 10.225542561325245
1.2539291381835938 9.209225475140839
1.3604917526245117 8.667816270557909
1.4509962797164917 8.298967944474116
1.538386344909668 7.949276638632403
1.6232713460922241 7.635067035607181
1.6960334777832031 7.535600013026349
1.757954716682434 7.268858096423401
1.8218525648117065 7.040225795907027
1.8834240436553955 6.783899203020617
1.9415210485458374 6.579492389117625
1.999267339706421 6.257839333420905
2.057185649871826 6.096044667252664
2.1175384521484375 5.784893523920823
2.17340087890625 5.542694697516578
2.224520683288574 5.464489343618799
2.277681350708008 5.250433256406283
2.324368715286255 5.086141016378201
2.3701794147491455 4.959020679205672
2.410583972930908 4.774270316458559
2.4577391147613525 4.55918868324526
2.506615400314331 4.330023682370865
2.5576679706573486 4.134465243329234
2.6090354919433594 3.940598688235584
2.6582393646240234 3.7911117441941315
2.707969903945923 3.6435185758886353
2.751677989959717 3.523619610137572
2.7964084148406982 3.3854239267882633
2.837941884994507 3.173503459306906
2.878272533416748 3.0024849982245616
2.9181807041168213 2.865306241795652
2.9599711894989014 2.7117429538261635
3.003920316696167 2.5781758902444833
3.0470693111419678 2.5046233388867694
3.0879087448120117 2.430477054583219
3.125488042831421 2.3907964059065714
3.162606954574585 2.301224517095038
3.2033023834228516 2.1886124397985656
3.246140241622925 2.0585107352348846
3.2894082069396973 1.8973771803692345
3.3359832763671875 1.713230338407578
3.3789894580841064 1.6581159231666107
3.420835256576538 1.666455797268555
3.4591665267944336 1.7272426000630627
3.4949991703033447 1.7904655146414443
3.528759241104126 1.8501071190699585
3.5607962608337402 1.905745171452284
3.5924298763275146 1.9612106935274598
3.623305559158325 2.0007924108324975
3.6511030197143555 2.049649811923912
3.6811530590057373 2.0087248248477114
3.7147631645202637 2.0288408018606057
3.751760959625244 2.0196169706894738
3.791110038757324 2.0853613667816897
3.831380605697632 2.1518190496303657
3.871915102005005 2.2271195502701775
3.91668963432312 2.285122927452036
3.9623570442199707 2.374054949504488
4.007888317108154 2.53320695978967
4.051601409912109 2.644348522827322
4.093447685241699 2.717318988101313
4.132900714874268 2.8874168236500597
4.172342300415039 2.926585839666903
4.2151336669921875 3.0756008848296164
4.258209705352783 3.251851508476028
4.301830291748047 3.4432202271863996
4.345163345336914 3.591537176320079
4.388317584991455 3.8598578816439457
4.434233665466309 3.9706946143292066
4.474390029907227 4.141588495397565
4.515594482421875 4.237624225540195
4.557460784912109 4.451366197612939
4.598926067352295 4.707855531452933
4.640738487243652 4.805888162885489
4.68619441986084 5.026892961040348
4.735006332397461 5.280229015515017
4.787857532501221 5.541012791836666
4.84578275680542 5.815596745269455
4.90739631652832 6.186089950325386
4.965980529785156 6.463853573158093
5.0292181968688965 6.669110907084382
5.083456993103027 6.9477434452313345
5.139272212982178 7.123745580971602
5.1962571144104 7.320249927715159
5.259215354919434 7.624000925045897
5.324612140655518 7.784967318813124
5.389017105102539 8.064527369008774
5.457144260406494 8.274312483610515
5.520196914672852 8.308097069161315
5.583969593048096 8.459748557391011
5.6465373039245605 8.687705064854086
5.697181701660156 8.85792782935879
5.74647331237793 8.931621020893353
5.7918853759765625 9.063401168861697
5.833523750305176 9.12610292065979
5.874416828155518 9.21022462169128
5.912731170654297 9.305582711130556
5.952229976654053 9.37378029229934
5.996011257171631 9.39243342203146
6.039086818695068 9.46479519793286
6.08453369140625 9.491329265379873
6.133689880371094 9.623148236155536
6.183375358581543 9.746457026391418
6.23096227645874 9.912909937998345
6.279623508453369 9.887635968851558
6.328274250030518 10.04827011826785
6.376911163330078 10.218118295114898
6.42392110824585 10.33163532941451
6.472579002380371 10.403597217156937
6.525012016296387 10.431842360280779
6.574765205383301 10.578359683193433
6.627891540527344 10.555511868704247
6.680305004119873 10.591728679951983
6.733883380889893 10.603404423984443
6.794492244720459 10.620842669625963
6.855732440948486 10.633822016103089
6.922773838043213 10.734396603448369
6.983067989349365 10.722893414611324
7.040088653564453 10.83401308354001
7.094215393066406 10.877568398480948
7.145263195037842 10.795170491345916
7.196169853210449 10.8860266588927
7.250293731689453 10.812438128888616
7.305477142333984 10.819095247852452
7.356802463531494 10.868185602036801
7.408237934112549 10.843056734536596
7.459773063659668 10.777286612066888
7.5128889083862305 10.817347849702784
7.569067478179932 10.792855200832603
7.6251325607299805 10.780671665129509
7.683506965637207 10.739746422309013
7.740201950073242 10.72949615392392
7.799674987792969 10.68636836654428
7.85591459274292 10.691284865231781
7.9113945960998535 10.660386451780797
7.960498332977295 10.638159309081788
8.00610065460205 10.741418473574457
8.052007675170898 10.60880729108291
8.10092544555664 10.500832083970023
8.15212631225586 10.427194821312064
8.209753036499023 10.368118988848718
8.265474319458008 10.31481302756651
8.320597648620605 10.308363525209415
8.372565269470215 10.343582323045634
8.418622970581055 10.266295027019153
8.463786125183105 10.320247749361004
8.509303092956543 10.279271165333006
8.556297302246094 10.20639466550533
8.602628707885742 10.137210110960886
8.646308898925781 10.103755589236693
8.688888549804688 10.05478770673368
8.732873916625977 10.016411231935939
8.77428150177002 9.960054064818209
8.819150924682617 9.920185208776862
8.864328384399414 9.86415693891945
8.906844139099121 9.857876115296788
8.948480606079102 9.832632450519244
8.990660667419434 9.830776178567927
9.027810096740723 9.800327683413114
9.063271522521973 9.841852131241435
9.097847938537598 9.795440217829114
9.13258171081543 9.753216513110749
9.166494369506836 9.721623288526354
9.201922416687012 9.71638453820389
9.239776611328125 9.648932278600283
9.279693603515625 9.566922977145282
9.322725296020508 9.564197592411572
9.3644380569458 9.532021701951361
9.407308578491211 9.560121195204404
9.44815731048584 9.550426851373402
9.488691329956055 9.414143907483503
9.532515525817871 9.406533399761232
9.579754829406738 9.458132472690007
9.625005722045898 9.406626379625726
9.670059204101562 9.359906127105424
9.71826171875 9.332858934600205
9.76551342010498 9.329833577336736
9.814056396484375 9.325669192303048
9.861407279968262 9.276289648907396
9.90540885925293 9.248603015427829
9.95174789428711 9.228909380028043
10.003987312316895 9.173469778784204
10.056299209594727 9.08040303664012
10.111871719360352 9.0288642650931
10.167948722839355 8.916679874729427
10.220882415771484 8.859112520215863
10.277192115783691 8.84183236684079
10.338356971740723 8.573720015861024
