1.4477570056915283 13.509505285204538
1.5931974649429321 12.65560389728824
1.675331950187683 12.301283533740818
1.7341899871826172 12.070311271314113
1.7830547094345093 11.767747745636552
1.8457591533660889 11.443351478382537
1.92245614528656 10.982219999203734
1.9994274377822876 10.702732122059178
2.076362371444702 10.45433332126808
2.1511170864105225 10.26105171876209
2.222482681274414 10.12491025842627
2.2801156044006348 9.93346691857215
2.3254661560058594 9.517945794548522
2.3772549629211426 8.988930698989396
2.4270291328430176 8.508032304003821
2.4778544902801514 8.188782102391093
2.532773971557617 7.989223839258531
2.606612205505371 7.803808642353394
2.7189438343048096 7.46725950768515
2.800438642501831 6.790314384216552
2.860100269317627 6.33502280674592
2.9041597843170166 5.9575596243609
2.934805393218994 5.689306630469708
2.9630744457244873 5.278271914635491
2.994509220123291 4.922620646986583
3.027078628540039 4.672703502546909
3.053345203399658 4.56327446375861
3.0742223262786865 4.515445950455373
3.094017744064331 4.302295900207116
3.1212563514709473 3.9916880371521746
3.1548664569854736 3.789486185433339
3.187274217605591 3.681292057449613
3.2148661613464355 3.5790918630412403
3.240821361541748 3.4998992296678066
3.2657015323638916 3.3760560422127095
3.290652275085449 3.195910203244359
3.3239665031433105 2.9457198731177274
3.3640291690826416 2.832071621186551
3.400256872177124 2.8956130786333896
3.4310572147369385 2.924445647395198
3.45820951461792 2.8978328257229693
3.4845521450042725 2.886026573656985
3.5095977783203125 2.9494854809194297
3.5320370197296143 2.969072827443753
3.5506432056427 3.039424423702521
3.5696585178375244 2.915266765093203
3.593149185180664 2.7780774261700594
3.6254239082336426 2.652756974051388
3.6686007976531982 2.521595189093765
3.717458724975586 2.457742753488514
3.759661912918091 2.4688469254493346
3.7982337474823 2.35769345864551
3.837308406829834 2.259287167176134
3.875487804412842 2.1563354973499007
3.907841444015503 2.1571739368596536
3.9389472007751465 2.035078100068825
3.970585584640503 1.8273770385881956
4.001873016357422 1.6658661839887403
4.0322346687316895 1.6214309388212385
4.062506675720215 1.5236277192820304
4.093852996826172 1.4967481124622513
4.128008842468262 1.545209307631201
4.160738468170166 1.7248287907878415
4.1909098625183105 1.902522761636373
4.219438076019287 2.0407150699261303
4.2504658699035645 2.13970470198337
4.279551982879639 2.1984762793254276
4.306957721710205 2.273775635412674
4.33358097076416 2.345060804051786
4.35779333114624 2.4689537308655245
4.3787841796875 2.5952449669567574
4.400394439697266 2.678310300786447
4.424176216125488 2.7253997794936304
4.450891971588135 2.799256086892767
4.485141754150391 2.918504409138143
4.521407604217529 3.1772737656836845
4.559142589569092 3.491679412743951
4.593155384063721 3.805789247815983
4.628461837768555 4.127497606079588
4.665510177612305 4.537601211639922
4.700113773345947 4.911032435044171
4.731382369995117 5.260678138372569
4.776284694671631 5.486089542458394
4.835488319396973 5.734138152885791
4.891864776611328 5.864262140625564
4.943916320800781 6.099782438007369
4.994626998901367 6.390811789462113
5.041122913360596 6.664137216010252
5.0854058265686035 6.889003647325928
5.125758647918701 7.129766846271247
5.172219276428223 7.381979674463292
5.225650310516357 7.827065418763626
5.271043300628662 8.276892203466211
5.307847499847412 8.54144228194363
5.348297119140625 8.737458735854366
5.399561405181885 8.920011187673294
5.447367191314697 9.203675704186564
5.485869407653809 9.551468200774947
5.518316268920898 9.749617733449075
5.555231094360352 9.93826923435565
5.597818851470947 10.122980349413124
5.646070957183838 10.436846679860524
5.697375297546387 10.756696732304741
5.745957374572754 11.162674619646907
5.7949628829956055 11.506882057773625
5.850876808166504 11.897960385635127
5.900992393493652 12.290970824243793
5.949319362640381 12.645868290679902
5.992038726806641 13.014033380763601
6.0424299240112305 13.299755642562904
6.095703601837158 13.62246709580626
6.146683692932129 13.909026457078905
6.203403949737549 14.237512746166397
6.282873630523682 14.635769445308869
6.3790669441223145 15.150953836162264
6.486107349395752 15.96128148697169
6.566234588623047 16.386777960864535
6.644322395324707 16.617330172304424
6.712029933929443 16.619155790136812
6.769989967346191 16.58395807138835
6.822765350341797 16.73975816151646
6.872117519378662 16.82967788274354
6.922384262084961 16.91999473732065
6.995733737945557 17.26010518311834
7.079580783843994 17.642128401651618
7.156117916107178 17.77546894288398
7.228188514709473 17.959167285584478
7.300661087036133 18.015776706620255
7.37770938873291 18.129526557685942
7.456442832946777 18.17760934660531
7.526892185211182 18.240340704659147
7.589991569519043 18.489059048353784
7.637112140655518 18.537508059973952
7.6819868087768555 18.623481938558257
7.734398365020752 18.555120429112332
7.786321640014648 18.523776553558488
7.841479778289795 18.598166746686694
7.895884037017822 18.576277005926134
7.948933124542236 18.65764812359505
7.9984612464904785 18.735965227173583
8.048255920410156 18.754464362828433
8.093266487121582 18.781416924491634
8.147523880004883 18.638763441365636
8.206235885620117 18.625175865981305
8.270461082458496 18.65418072451026
8.330099105834961 18.68649663868193
8.387452125549316 18.643021028181956
8.445196151733398 18.76090023500457
8.500968933105469 18.716247046074695
8.54975414276123 18.83702270025588
8.592686653137207 18.92282925252141
8.633685111999512 18.90747403074452
8.672767639160156 18.956114439591108
8.711730003356934 18.9768531630162
8.748693466186523 18.966043215971272
8.785089492797852 19.00638672009974
8.820302963256836 19.151541906449985
8.84943675994873 19.22474587713358
8.876358032226562 19.24598452599328
8.904170036315918 19.241154654457837
8.934313774108887 19.125095548823623
8.971333503723145 19.03417887152239
9.018486022949219 18.89005077585233
9.076128959655762 18.80709516296414
9.141317367553711 18.791402457631015
9.209333419799805 18.757935040336005
9.270293235778809 18.860585626881168
9.322850227355957 18.92714851643445
9.374588012695312 18.912175403239324
9.422005653381348 19.001726376972154
9.469944953918457 18.99457998770817
9.518355369567871 18.94038206055373
9.568636894226074 18.90749257274452
9.61819839477539 18.94734613048725
9.670284271240234 18.855638291622604
9.72047233581543 18.852891356850645
9.773879051208496 18.85027396596004
9.831197738647461 18.77625993978566
9.891790390014648 18.660746725535017
9.951875686645508 18.668877746171205
10.003776550292969 18.646964454315135
10.062328338623047 18.582737088248866
10.122482299804688 18.555465425000776
10.174534797668457 18.615254988520842
10.223099708557129 18.510761274491514
10.279030799865723 18.26755188729092
10.34407901763916 18.242724794264568
10.41513442993164 17.92024266813506
